MTS793|MPT|ENU|1|2|.|/|:|1|0|0|A

Data Acquisition						Time:	10.009766	s	2/4/2020 10:16:38 AM
Axial Displacement	Axial Force	Time	Axial Extensometer
mm	N	s	mm
0.0012472272	290.39963	0.018554688	-0.00018542705
0.0016182661	288.3703	0.028320313	-0.00022169552
0.0011242926	284.88297	0.038085938	-0.000169349
0.00089406967	285.37854	0.047851563	-0.0002535042
0.00052303076	290.02155	0.057617188	-0.00017188286
0.001629442	293.0126	0.067382813	-0.00014326833
0.0022016466	307.8418	0.077148438	-0.00010145304
0.0024989247	332.89243	0.086914063	-0.00011558295
0.0025302172	384.702	0.096679688	0.00012358633
0.0047408044	455.21454	0.10644531	0.00034029782
0.0055342913	542.10205	0.11621094	0.00057483301
0.0071413815	635.63989	0.12597656	0.00089885708
0.0094614923	740.61346	0.13574219	0.0012102989
0.011591613	846.7265	0.14550781	0.0015112297
0.013381988	954.85931	0.15527344	0.0018424939
0.0150159	1061.1204	0.16503906	0.0022555618
0.017210841	1176.7323	0.17480469	0.0026144586
0.019548833	1281.5273	0.18457031	0.0029511505
0.020590425	1386.9308	0.19433594	0.0032153747
0.023531914	1488.2157	0.20410156	0.0035556301
0.024229288	1592.6975	0.21386719	0.0039013133
0.026337057	1686.4989	0.22363281	0.0041318717
0.028697401	1781.9569	0.23339844	0.0043888125
0.030246377	1872.8152	0.24316406	0.0048112315
0.032490492	1969.2399	0.25292969	0.0050275414
0.0343211	2052.3564	0.26269531	0.0052843522
0.036084652	2139.804	0.27246094	0.0056202766
0.037200004	2224.2263	0.28222656	0.0057819239
0.038476288	2311.4006	0.29199219	0.0061101723
0.039674342	2390.2134	0.30175781	0.0063320207
0.042276084	2475.2986	0.31152344	0.0066336319
0.043827295	2556.0259	0.32128906	0.0068368465
0.045490265	2643.0471	0.33105469	0.0072180824
0.046625733	2725.6934	0.34082031	0.0074300487
0.048087537	2801.323	0.35058594	0.0076868297
0.049075484	2880.3362	0.36035156	0.0078822654
0.051672757	2962.7351	0.37011719	0.0080997627
0.053986162	3036.5327	0.37988281	0.0084515521
0.053939223	3120.9072	0.38964844	0.0086513711
0.056766719	3193.1716	0.39941406	0.0088886656
0.057213753	3270.9229	0.40917969	0.009097293
0.058574975	3345.6777	0.41894531	0.0093363076
0.060714036	3423.1265	0.42871094	0.0096155722
0.062222779	3504.5879	0.43847656	0.0098615019
0.064525008	3583.627	0.44824219	0.010138427
0.065041333	3656.2026	0.45800781	0.010334455
0.066704303	3738.3052	0.46777344	0.010640484
0.069835782	3815.1143	0.47753906	0.010855316
0.070171058	3891.3574	0.48730469	0.011172778
0.07205978	3971.4719	0.49707031	0.011314837
0.073085725	4050.467	0.50683594	0.011615468
0.074858218	4133.3257	0.51660156	0.011854867
0.076539069	4216.1128	0.52636719	0.012123496
0.07801652	4291.8237	0.53613281	0.012482067
0.07994324	4380.3569	0.54589844	0.012644205
0.081018358	4456.4731	0.55566406	0.012839882
0.084020197	4536.6602	0.56542969	0.013154532
0.08424595	4613.9009	0.57519531	0.013403351
0.085473061	4695.543	0.58496094	0.013648023
0.088137388	4782.9004	0.59472656	0.013853415
0.089659542	4867.5806	0.60449219	0.014122467
0.091206282	4943.7373	0.61425781	0.014408545
0.092697144	5025.5923	0.62402344	0.014672963
0.093488395	5096.1401	0.63378906	0.014955634
0.095319003	5175.8027	0.64355469	0.015189712
0.09483397	5246.9077	0.65332031	0.015373125
0.098651648	5321.4287	0.66308594	0.015727935
0.099894404	5393.083	0.67285156	0.015888726
0.10150596	5474.9185	0.68261719	0.016131274
0.10286048	5554.2358	0.69238281	0.016437437
0.10429546	5640.6504	0.70214844	0.016602641
0.10618865	5717.8267	0.71191406	0.016888926
0.1080595	5805.7188	0.72167969	0.01714349
0.11044443	5888.064	0.73144531	0.017434925
0.1123555	5975.5396	0.74121094	0.017804593
0.11248961	6066.0273	0.75097656	0.018014096
0.11615306	6159.0601	0.76074219	0.018349936
0.11690632	6246.8281	0.77050781	0.018615752
0.11894479	6343.6382	0.78027344	0.01892771
0.12060553	6434.2339	0.79003906	0.019257352
0.12380183	6530.5752	0.79980469	0.019495301
0.1244612	6621.6572	0.80957031	0.019822141
0.12593642	6718.4814	0.81933594	0.020164944
0.12907237	6811.8979	0.82910156	0.020464191
0.13036653	6908.0615	0.83886719	0.020738471
0.1319088	6992.2026	0.84863281	0.021050014
0.13428703	7091.335	0.85839844	0.021358006
0.13563484	7176.4341	0.86816406	0.021558838
0.13890043	7273.1372	0.87792969	0.021825546
0.13940334	7359.4795	0.88769531	0.022120316
0.14150888	7452.0054	0.89746094	0.022459291
0.14322326	7536.7437	0.90722656	0.022707576
0.14528632	7625.2139	0.91699219	0.022919519
0.14629662	7702.2524	0.92675781	0.023275789
0.14750361	7785.21	0.93652344	0.023536325
0.14943928	7859.8184	0.94628906	0.023767171
0.15209466	7935.4287	0.95605469	0.023998652
0.15309826	8007.7974	0.96582031	0.024116367
0.15526637	8088.7241	0.97558594	0.024533864
0.15637279	8158.7227	0.98535156	0.024679676
0.15831962	8231.7021	0.99511719	0.024992786
0.15968084	8303.3652	1.0048828	0.025134986
0.16162768	8376.7031	1.0146484	0.025419658
0.16105548	8446.4668	1.0244141	0.025636192
0.16429201	8521.5596	1.0341797	0.02587099
0.16624108	8596.8291	1.0439453	0.026156122
0.16714633	8674.2969	1.0537109	0.02649278
0.16850755	8749.8857	1.0634766	0.026711887
0.16838461	8826.2842	1.0732422	0.02686899
0.1720883	8897.9609	1.0830078	0.02710505
0.1734294	8974.2676	1.0927734	0.02732751
0.17490238	9046.7881	1.1025391	0.0276656
0.17620325	9123.3301	1.1123047	0.027917134
0.17858818	9194.874	1.1220703	0.028084969
0.17841384	9269.0889	1.1318359	0.028383747
0.18116757	9340.0332	1.1416016	0.028558476
0.18309876	9415.1777	1.1513672	0.028790632
0.18361956	9486.1855	1.1611328	0.029063066
0.18547028	9563.4912	1.1708984	0.02927025
0.18762052	9643.5049	1.1806641	0.029587768
0.1888141	9718.2227	1.1904297	0.029813349
0.19021556	9794.832	1.2001953	0.030091168
0.19200817	9871.7871	1.2099609	0.03038629
0.19454956	9946.4824	1.2197266	0.030625328
0.19558445	10022.445	1.2294922	0.030782178
0.19756705	10094.219	1.2392578	0.03101993
0.1979202	10172.028	1.2490234	0.031294495
0.19982234	10242.956	1.2587891	0.031577673
0.20176694	10320.315	1.2685547	0.031804133
0.20344779	10392.822	1.2783203	0.032055028
0.20448491	10472.545	1.2880859	0.0323385
0.20739511	10548.37	1.2978516	0.032506753
0.20822883	10627.458	1.3076172	0.03285335
0.20981357	10702.438	1.3173828	0.033095524
0.21119937	10783.757	1.3271484	0.033337753
0.21334067	10855.43	1.3369141	0.033509608
0.21409616	10933.317	1.3466797	0.033812609
0.21646991	11006.413	1.3564453	0.03414714
0.21801442	11086.073	1.3662109	0.034355763
0.22002831	11158.573	1.3759766	0.034604151
0.22181645	11236.618	1.3857422	0.034862161
0.22312626	11312.887	1.3955078	0.035158183
0.22482723	11393.419	1.4052734	0.03545988
0.2256386	11469.348	1.4150391	0.035667665
0.22724345	11549.522	1.4248047	0.035910681
0.2289556	11626.476	1.4345703	0.03603825
0.23132935	11703.039	1.4443359	0.036415592
0.23282021	11780.184	1.4541016	0.036686178
0.23448765	11857.329	1.4638672	0.036942448
0.23645461	11937.032	1.4736328	0.037174642
0.23934469	12015.664	1.4833984	0.037353255
0.23941398	12095.861	1.4931641	0.037720289
0.24245381	12176.26	1.5029297	0.037958812
0.2438955	12253.707	1.5126953	0.038287044
0.24536178	12329.012	1.5224609	0.038354378
0.24633184	12403.737	1.5322266	0.038772877
0.24807528	12483.948	1.5419922	0.038976561
0.24921969	12558.856	1.5517578	0.039280288
0.25203153	12638.454	1.5615234	0.039535832
0.25325418	12713.718	1.5712891	0.03971361
0.25485232	12793.053	1.5810547	0.0399989
0.25705397	12868.632	1.5908203	0.040220931
0.2593562	12947.47	1.6005859	0.040559724
0.25988594	13018.648	1.6103516	0.040822037
0.26160479	13095.572	1.6201172	0.041111652
0.263004	13164.446	1.6298828	0.041328397
0.26551411	13241.046	1.6396484	0.041507933
0.26661381	13310.586	1.6494141	0.041844729
0.26812255	13385.637	1.6591797	0.042018063
0.26930943	13459.759	1.6689453	0.042316858
0.27050078	13535.36	1.6787109	0.042534612
0.27211234	13603.619	1.6884766	0.042725183
0.27379319	13683.451	1.6982422	0.04296479
0.27594343	13750.849	1.7080078	0.043295674
0.27815625	13828.966	1.7177734	0.043530758
0.2804786	13901.751	1.7275391	0.043733031
0.28093234	13978.83	1.7373047	0.04406536
0.28254613	14054.577	1.7470703	0.044276062
0.28461814	14131.23	1.7568359	0.044577789
0.28631017	14204.546	1.7666016	0.044805892
0.28788596	14278.761	1.7763672	0.045086373
0.28932318	14348.327	1.7861328	0.045278411
0.29037818	14426.603	1.7958984	0.045549873
0.29297099	14498.063	1.8056641	0.045790713
0.29333979	14572.837	1.8154297	0.046088889
0.29567331	14645.986	1.8251953	0.046374228
0.29755533	14719.028	1.8349609	0.046574231
0.29743016	14787.967	1.8447266	0.046826508
0.3005214	14865.578	1.8544922	0.047060713
0.302504	14935.604	1.8642578	0.047351193
0.30356124	15012.014	1.8740234	0.047549933
0.30592605	15087.667	1.8837891	0.04774319
0.30651167	15164.298	1.8935547	0.048065361
0.30919388	15240.604	1.9033203	0.04828148
0.31041428	15315.161	1.9130859	0.04863013
0.31169951	15390.577	1.9228516	0.048868224
0.31348094	15465.797	1.9326172	0.049128376
0.31533614	15541.439	1.9423828	0.049405873
0.31684265	15612.637	1.9521484	0.049654622
0.31881183	15692.433	1.9619141	0.049912579
0.32040775	15762.907	1.9716797	0.050162472
0.32199025	15836.76	1.9814453	0.05055191
0.32390803	15910.156	1.9912109	0.050709046
0.32578111	15984.518	2.0009766	0.050994273
0.3272295	16058.766	2.0107422	0.05110712
0.32877401	16130.133	2.0205078	0.051436752
0.330057	16200.104	2.0302734	0.051711626
0.3319636	16273.087	2.0400391	0.051901177
0.33266097	16342.695	2.0498047	0.052260358
0.33519566	16415.174	2.0595703	0.05243697
0.3371492	16491.094	2.0693359	0.052740492
0.33808351	16560.686	2.0791016	0.052960888
0.34003258	16633.91	2.0888672	0.0532392
0.34207776	16704.473	2.0986328	0.053495638
0.34334064	16772.406	2.1083984	0.053711407
0.34505725	16848.041	2.1181641	0.053980883
0.34736171	16914.045	2.1279297	0.054247517
0.3479898	16988.746	2.1376953	0.05444156
0.35007745	17054.701	2.1474609	0.054687794
0.35133138	17126.012	2.1572266	0.054971021
0.35346597	17197.293	2.1669922	0.055087306
0.35465732	17268.918	2.1767578	0.055464044
0.35805926	17335.674	2.1865234	0.055591963
0.35815313	17409.393	2.1962891	0.055897903
0.35963729	17477.402	2.2060547	0.056150414
0.3618747	17549.738	2.2158203	0.056403086
0.36315545	17616.436	2.2255859	0.056611344
0.3648676	17688.26	2.2353516	0.056901377
0.36460161	17759.902	2.2451172	0.057137188
0.36771297	17831.152	2.2548828	0.057427205
0.36848187	17902.678	2.2646484	0.057621222
0.37081093	17975.68	2.2744141	0.057995047
0.372646	18044.732	2.2841797	0.058135927
0.37495047	18116.299	2.2939453	0.058486331
0.375925	18183.912	2.3037109	0.058701593
0.37756115	18252.455	2.3134766	0.058897879
0.37912801	18322.559	2.3232422	0.059108689
0.38111061	18395.527	2.3330078	0.059425604
0.38182586	18460.225	2.3427734	0.059643663
0.38343742	18531.887	2.3525391	0.059933037
0.3855139	18600.029	2.3623047	0.060230281
0.38659796	18670.359	2.3720703	0.060402226
0.38884208	18736.105	2.3818359	0.06065451
0.38987026	18807.492	2.3916016	0.060894631
0.39225519	18881.436	2.4013672	0.061107986
0.39473847	18948.426	2.4111328	0.061485782
0.39643049	19019.596	2.4208984	0.061640736
0.39717034	19090.143	2.4306641	0.0619848
0.3992267	19157.555	2.4404297	0.062184308
0.4005298	19225.617	2.4501953	0.062470295
0.40114447	19294.635	2.4599609	0.062680133
0.40436089	19363.74	2.4697266	0.063061178
0.40611327	19433.434	2.4794922	0.06321945
0.40657371	19506.602	2.4892578	0.063606843
0.40859208	19572.049	2.4990234	0.063732482
0.41005388	19646.523	2.5087891	0.064030297
0.41144416	19712.156	2.5185547	0.064353518
0.41426495	19787.291	2.5283203	0.064600401
0.4157424	19856.635	2.5380859	0.064743854
0.41715279	19924.826	2.5478516	0.065083697
0.41792616	19994.145	2.5576172	0.065346479
0.42030886	20063.01	2.5673828	0.065585651
0.42293519	20132.762	2.5771484	0.065864705
0.42416453	20204.414	2.5869141	0.066123277
0.42583868	20275.193	2.5966797	0.066345565
0.42798892	20350.141	2.6064453	0.066589355
0.42858124	20419.848	2.6162109	0.06691622
0.42998046	20490.502	2.6259766	0.067201898
0.43204352	20557.523	2.6357422	0.067358769
0.43352097	20629.092	2.6455078	0.067699425
0.43548346	20694.668	2.6552734	0.068027735
0.43712854	20771.188	2.6650391	0.068215653
0.43725371	20835.936	2.6748047	0.06844084
0.44086352	20899.939	2.6845703	0.068728223
0.44258684	20964.154	2.6943359	0.068974823
0.44444203	21037.139	2.7041016	0.069214948
0.44530705	21101.129	2.7138672	0.069486693
0.44663474	21174.734	2.7236328	0.069783039
0.44866875	21231.01	2.7333984	0.069987267
0.44989362	21302.174	2.7431641	0.070232965
0.45277923	21366.063	2.7529297	0.070596673
0.45327991	21436.078	2.7626953	0.070810527
0.45572296	21497.391	2.7724609	0.071063787
0.4567042	21562.414	2.7822266	0.071407802
0.45888126	21624.736	2.7919922	0.071488164
0.45992509	21689.203	2.8017578	0.071808301
0.46198815	21757.08	2.8115234	0.072068907
0.46284199	21822.48	2.8212891	0.07233011
0.46574101	21885.172	2.8310547	0.072680391
0.46568513	21954	2.8408203	0.0729286
0.46772808	22010.381	2.8505859	0.073164195
0.47028288	22082.443	2.8603516	0.073497951
0.47217831	22147.715	2.8701172	0.07368172
0.47337636	22212.793	2.8798828	0.07399182
0.474751	22274.391	2.8896484	0.074290805
0.47622398	22341.691	2.8994141	0.074455425
0.47850162	22403.426	2.9091797	0.07476607
0.4798159	22471.268	2.9189453	0.074986435
0.48123747	22532.758	2.9287109	0.075231038
0.4835017	22596.309	2.9384766	0.075543247
0.48510656	22657.854	2.9482422	0.075783916
0.48653707	22724.77	2.9580078	0.076043114
0.48781782	22784.428	2.9677734	0.076204844
0.4892908	22850.482	2.9775391	0.076488078
0.48963726	22906.797	2.9873047	0.076774888
0.49333647	22975.34	2.9970703	0.077064738
0.49415454	23035.582	3.0068359	0.077307411
0.49642324	23097.34	3.0166016	0.077561036
0.49764588	23154.51	3.0263672	0.077870838
0.4996039	23220.455	3.0361328	0.07809139
0.50146353	23280.146	3.0458984	0.078385927
0.50239563	23348.592	3.0556641	0.078595787
0.50407875	23403.043	3.0654297	0.078893773
0.50558078	23467.432	3.0751953	0.07908009
0.50737333	23528.686	3.0849609	0.079269312
0.50909889	23589.105	3.0947266	0.079618968
0.51008236	23651.334	3.1044922	0.079849787
0.51176322	23716.406	3.1142578	0.080212608
0.51397383	23772.445	3.1240234	0.080408119
0.51610839	23838.074	3.1337891	0.08074861
0.51723272	23897.555	3.1435547	0.080925755
0.51979423	23961.361	3.1533203	0.081236459
0.52100569	24026.85	3.1630859	0.081608318
0.52301735	24090.002	3.1728516	0.081819676
0.52401197	24152.701	3.1826172	0.082033597
0.52513409	24221.688	3.1923828	0.082431465
0.52736926	24274.799	3.2021484	0.082616977
0.52968711	24343.869	3.2119141	0.082825996
0.53002012	24402.037	3.2216797	0.083135501
0.53178817	24471.627	3.2314453	0.083401598
0.53391826	24529.396	3.2412109	0.083641782
0.53585839	24591.402	3.2509766	0.084012121
0.53647983	24651.574	3.2607422	0.084246725
0.53904802	24717.389	3.2705078	0.084503219
0.53991526	24772.492	3.2802734	0.084788822
0.54210126	24835.57	3.2900391	0.085036911
0.5422734	24893.842	3.2998047	0.085364275
0.5461067	24956.709	3.3095703	0.085606694
0.54706782	25016.293	3.3193359	0.085890844
0.54802895	25077.256	3.3291016	0.086144432
0.55122745	25135.018	3.3388672	0.086433843
0.55178404	25197.596	3.3486328	0.086712919
0.55289042	25252.564	3.3583984	0.086945921
0.5556308	25313.109	3.3681641	0.087165587
0.55702102	25367.27	3.3779297	0.087479785
0.5580045	25427.023	3.3876953	0.087691262
0.56020391	25481.895	3.3974609	0.087939702
0.56122315	25541.537	3.4072266	0.088278726
0.56217086	25598.059	3.4169922	0.088579386
0.56591702	25657.012	3.4267578	0.088805571
0.56710392	25708.992	3.4365234	0.089158878
0.56785494	25767.73	3.4462891	0.089376561
0.56970787	25822.91	3.4560547	0.089622729
0.57156312	25879.643	3.4658203	0.08997155
0.57248843	25934.242	3.4755859	0.0902256
0.57432801	25989.924	3.4853516	0.090405375
0.57700127	26043.084	3.4951172	0.09070009
0.57715327	26105.891	3.5048828	0.090911157
0.57927221	26154.502	3.5146484	0.091171712
0.58053958	26213.055	3.5244141	0.091423869
0.58218467	26266.498	3.5341797	0.091717228
0.58426559	26325.967	3.5439453	0.092044674
0.58535409	26382.111	3.5537109	0.092276119
0.58676004	26437.609	3.5634766	0.092544965
0.58871579	26492	3.5732422	0.092806928
0.59027374	26550.23	3.5830078	0.093062162
0.59216022	26607.553	3.5927734	0.093393348
0.59326661	26668.631	3.6025391	0.09374442
0.59523582	26717.219	3.6123047	0.094025694
0.59595776	26777.32	3.6220703	0.094327688
0.59866905	26828.039	3.6318359	0.094476067
0.60046166	26884.322	3.6416016	0.094784915
0.60219616	26942.314	3.6513672	0.095131189
0.60393065	26998.531	3.6611328	0.09529683
0.60509741	27051.189	3.6708984	0.095536232
0.60710013	27112.785	3.6806641	0.09582109
0.60845685	27162.279	3.6904297	0.096172184
0.60951185	27218.736	3.7001953	0.096475773
0.61138272	27275.641	3.7099609	0.096752517
0.61290932	27333.582	3.7197266	0.096904784
0.61504173	27386.012	3.7294922	0.097401135
0.61671138	27446.184	3.7392578	0.097560219
0.617782	27496.619	3.7490234	0.097980738
0.62000155	27556.594	3.7587891	0.098201916
0.62148345	27608.777	3.7685547	0.09845262
0.62294972	27667.004	3.7783203	0.09874142
0.62494349	27717.967	3.7880859	0.099084824
0.6266557	27773.938	3.7978516	0.099292003
0.62710494	27828.525	3.8076172	0.099551834
0.62964189	27885.219	3.8173828	0.099978872
0.63222122	27934.172	3.8271484	0.10020391
0.63327181	27994.496	3.8369141	0.10043211
0.63461733	28047.984	3.8466797	0.10071496
0.63678992	28105.359	3.8564453	0.10100918
0.63745826	28156.494	3.8662109	0.10132059
0.63941407	28211.129	3.8759766	0.10162416
0.64151955	28262.658	3.8857422	0.10188616
0.64375925	28321.707	3.8955078	0.1022547
0.64472485	28370.975	3.9052734	0.1024844
0.64729083	28433.154	3.9150391	0.10283
0.64851791	28481.4	3.9248047	0.10314413
0.65103471	28531.871	3.9345703	0.10331926
0.65180135	28586.959	3.9443359	0.10368222
0.65282285	28642.566	3.9541016	0.10389473
0.65497756	28694.844	3.9638672	0.10421999
0.65573305	28750.139	3.9736328	0.10451902
0.65902323	28802.885	3.9833984	0.1047459
0.65988374	28858.012	3.9931641	0.10511082
0.6613456	28907.871	4.0029297	0.10546143
0.66334605	28965.455	4.0126953	0.10576338
0.6646648	29016.439	4.0224609	0.10600661
0.66775829	29068.049	4.0322266	0.10634627
0.66889155	29121.404	4.0419922	0.10664894
0.66980124	29176.594	4.0517578	0.10688356
0.67154241	29225.021	4.0615234	0.10727434
0.67301095	29281.139	4.0712891	0.10742446
0.67473203	29331.059	4.0810547	0.10770816
0.67634135	29383.652	4.0908203	0.10809566
0.67895204	29434.234	4.1005859	0.10836111
0.68074018	29487.285	4.1103516	0.10862057
0.68111122	29534.676	4.1201172	0.10894049
0.68235397	29585.924	4.1298828	0.10926244
0.68529993	29635.258	4.1396484	0.10955021
0.68660975	29687.66	4.1494141	0.1098316
0.68832636	29737.396	4.1591797	0.11017716
0.6899491	29783.203	4.1689453	0.11039437
0.69111139	29834.201	4.1787109	0.11075747
0.69377571	29884.699	4.1884766	0.11096355
0.69542527	29930.754	4.1982422	0.11127546
0.69682002	29983.08	4.2080078	0.11164687
0.69870651	30029.117	4.2177734	0.11178932
0.69951117	30079.346	4.2275391	0.11218295
0.7017687	30128.406	4.2373047	0.11242174
0.70294887	30178.277	4.2470703	0.11278392
0.70504546	30226.002	4.2568359	0.11298145
0.70737004	30271.652	4.2666016	0.11335837
0.70812106	30319.008	4.2763672	0.11365181
0.70985556	30368.928	4.2861328	0.11386108
0.71102679	30414.773	4.2958984	0.1141983
0.71331561	30468.117	4.3056641	0.11453127
0.71473718	30513.059	4.3154297	0.11478417
0.7151261	30560.246	4.3251953	0.11509818
0.71740597	30607.674	4.3349609	0.11539969
0.71870238	30655.6	4.3447266	0.11557588
0.72022676	30702.275	4.3544922	0.11596203
0.72182268	30751.703	4.3642578	0.11618368
0.72307885	30796.412	4.3740234	0.11644747
0.72602034	30842.246	4.3837891	0.11674533
0.72784871	30892.385	4.3935547	0.11710172
0.7283628	30935.695	4.4033203	0.11732158
0.73049068	30986.057	4.4130859	0.11764669
0.73225647	31032.289	4.4228516	0.11786654
0.7339552	31077.668	4.4326172	0.11818657
0.735645	31127.943	4.4423828	0.11851863
0.73701739	31173.984	4.4521484	0.1187771
0.73800534	31221.721	4.4619141	0.11900289
0.74036568	31268.422	4.4716797	0.11934979
0.74214041	31314.398	4.4814453	0.11966923
0.74339658	31362.129	4.4912109	0.11994582
0.74499249	31403.273	4.5009766	0.12016619
0.74644983	31451.793	4.5107422	0.12048931
0.74878335	31501.113	4.5205078	0.12074615
0.7494539	31540.852	4.5302734	0.12113323
0.75109005	31584.631	4.5400391	0.12140767
0.75249374	31632.939	4.5498047	0.12174532
0.75456798	31675.881	4.5595703	0.12199579
0.75603873	31720.625	4.5693359	0.12223952
0.75663328	31761.996	4.5791016	0.12251756
0.75881481	31808.531	4.5888672	0.12274107
0.760746	31856.566	4.5986328	0.12296482
0.76246262	31906.813	4.6083984	0.12337698
0.76359808	31950.48	4.6181641	0.12360332
0.76462179	31999.621	4.6279297	0.1239608
0.7670626	32044.281	4.6376953	0.12420396
0.76856464	32093.83	4.6474609	0.12448855
0.77050477	32139.465	4.6572266	0.12476304
0.77139884	32188.846	4.6669922	0.12508255
0.77322274	32235.787	4.6767578	0.12539649
0.77442527	32288.242	4.6865234	0.12573302
0.77686608	32335.906	4.6962891	0.12604924
0.77989697	32389.076	4.7060547	0.12635051
0.78063458	32436.119	4.7158203	0.12669973
0.78260154	32488.641	4.7255859	0.1269082
0.78380853	32536.262	4.7353516	0.12726851
0.78665167	32583.869	4.7451172	0.1275558
0.78641921	32633.842	4.7548828	0.12784493
0.78872591	32682.16	4.7646484	0.12813659
0.7910192	32732.785	4.7744141	0.12849206
0.79265982	32778.102	4.7841797	0.12867562
0.79420209	32820.012	4.7939453	0.12907913
0.79495758	32872.332	4.8037109	0.12935302
0.79797059	32916.934	4.8134766	0.12970537
0.79856515	32964.449	4.8232422	0.12999187
0.80122948	33009.695	4.8330078	0.13022773
0.80287009	33056.902	4.8427734	0.13059798
0.80424696	33098.734	4.8525391	0.13091493
0.80545396	33147.844	4.8623047	0.1311202
0.80758631	33191.422	4.8720703	0.13155393
0.80885589	33242.68	4.8818359	0.13180022
0.81099719	33291.719	4.8916016	0.13212648
0.81228465	33342.082	4.9013672	0.13245289
0.81385374	33385.754	4.9111328	0.13273887
0.81640184	33430.816	4.9208984	0.1330395
0.8174032	33475.879	4.9306641	0.13334663
0.81988871	33523.875	4.9404297	0.13361594
0.82121193	33567.68	4.9501953	0.13396016
0.82218647	33607.063	4.9599609	0.13430959
0.82395673	33657.211	4.9697266	0.13451912
0.82556605	33703.305	4.9794922	0.13482709
0.82711726	33742.207	4.9892578	0.13527307
0.82961619	33787.559	4.9990234	0.13551109
0.83135515	33827.738	5.0087891	0.13589112
0.83223581	33877.93	5.0185547	0.13611092
0.83249509	33913.449	5.0283203	0.13644786
0.83482414	33961	5.0380859	0.13666376
0.83675981	34001.566	5.0478516	0.13683608
0.838539	34044.098	5.0576172	0.13721073
0.83965212	34085.02	5.0673828	0.13748795
0.84167719	34129.531	5.0771484	0.13788046
0.84313452	34167.535	5.0869141	0.13807628
0.84509701	34215.184	5.0966797	0.13838437
0.84689856	34248.965	5.1064453	0.13869655
0.84751099	34297.113	5.1162109	0.13896382
0.84916502	34336.063	5.1259766	0.13924377
0.85138679	34377.895	5.1357422	0.13955596
0.85331351	34420.832	5.1455078	0.13991207
0.85361749	34464.492	5.1552734	0.14009956
0.85562468	34504.945	5.1650391	0.14045566
0.85710883	34550.383	5.1748047	0.14072719
0.85904449	34588.043	5.1845703	0.14091599
0.86032748	34633.5	5.1943359	0.14120032
0.86201727	34674.293	5.2041016	0.14151928
0.86351931	34713.938	5.2138672	0.14177908
0.86533427	34754.5	5.2236328	0.14206639
0.86626858	34798.031	5.2333984	0.14242563
0.86719841	34837.707	5.2431641	0.14267272
0.87001026	34885.574	5.2529297	0.14297621
0.87110996	34924.492	5.2626953	0.14328331
0.87353736	34971.5	5.2724609	0.14357413
0.87473541	35009.941	5.2822266	0.14378211
0.87549537	35060.023	5.2919922	0.14415476
0.87797195	35094.879	5.3017578	0.14447168
0.87925047	35141.652	5.3115234	0.14477384
0.88115036	35181.051	5.3212891	0.14501102
0.88311732	35228.063	5.3310547	0.14537206
0.88399798	35266.398	5.3408203	0.14564815
0.88607222	35308.223	5.3505859	0.14593698
0.88781565	35349.48	5.3603516	0.14623876
0.89005083	35393.508	5.3701172	0.14645125
0.89068562	35433.387	5.3798828	0.14684144
0.89381486	35484.273	5.3896484	0.1470544
0.89384615	35523.734	5.3994141	0.14741293
0.89530796	35579.18	5.4091797	0.14762746
0.89738667	35621.102	5.4189453	0.1480722
0.89977384	35668.184	5.4287109	0.14828859
0.90010017	35711.262	5.4384766	0.14858791
0.90237558	35759.137	5.4482422	0.14891258
0.90423077	35801.621	5.4580078	0.14929953
0.90516061	35847.121	5.4677734	0.14953208
0.90715438	35888.215	5.4775391	0.14979695
0.90849102	35943.395	5.4873047	0.15007204
0.91022551	35979.918	5.4970703	0.15043768
0.91355145	36028.965	5.5068359	0.15071504
0.91472715	36072.391	5.5166016	0.15098673
0.91615766	36119.113	5.5263672	0.15134141
0.91726184	36162.098	5.5361328	0.15161084
0.91894716	36209.359	5.5458984	0.15197182
0.92132092	36247.402	5.5556641	0.15231775
0.92254132	36294.207	5.5654297	0.1525819
0.92451274	36336.941	5.5751953	0.15285721
0.92649758	36384.344	5.5849609	0.15319295
0.92728883	36423.395	5.5947266	0.15349689
0.92960447	36471.035	5.6044922	0.15381488
0.92986375	36509.266	5.6142578	0.15408103
0.93268901	36558.523	5.6240234	0.15447652
0.93402565	36597	5.6337891	0.15464994
0.93567073	36639.551	5.6435547	0.15501477
0.93770027	36682.063	5.6533203	0.15537445
0.9391129	36729.465	5.6630859	0.15561377
0.94057918	36764.75	5.6728516	0.15585223
0.94191134	36811.082	5.6826172	0.15625329
0.94330162	36846.852	5.6923828	0.15648836
0.94593018	36893.973	5.7021484	0.15677868
0.94719529	36936.582	5.7119141	0.15708381
0.94917119	36980.496	5.7216797	0.15744977
0.95110238	37019.336	5.7314453	0.15764654
0.95180422	37060.867	5.7412109	0.15799065
0.95342696	37099.574	5.7509766	0.1582813
0.95534027	37144.613	5.7607422	0.15858388
0.95718205	37184.781	5.7705078	0.15884937
0.95859021	37227.02	5.7802734	0.15906556
0.96000284	37269.371	5.7900391	0.15932594
0.96222013	37313.094	5.7998047	0.1597119
0.96277893	37355.281	5.8095703	0.16006461
0.96468329	37396.367	5.8193359	0.1603407
0.96652955	37437.781	5.8291016	0.16067579
0.96840709	37481.852	5.8388672	0.1608426
0.97026229	37517.523	5.8486328	0.16128609
0.97194314	37564.527	5.8583984	0.16155641
0.97346753	37603.074	5.8681641	0.16186552
0.97551495	37649.637	5.8779297	0.16223291
0.97614974	37684.707	5.8876953	0.16246049
0.97826868	37728.543	5.8974609	0.1627236
0.98000318	37766.484	5.9072266	0.16308402
0.98165274	37810.242	5.9169922	0.16327351
0.98287761	37850.887	5.9267578	0.16365156
0.98378509	37893.906	5.9365234	0.16391955
0.9858951	37933.023	5.9462891	0.1642141
0.98840743	37974.383	5.9560547	0.16455033
0.98891258	38013.188	5.9658203	0.16480285
0.99139363	38056.195	5.9755859	0.16509393
0.99283308	38093.242	5.9853516	0.16540213
0.99349469	38138.492	5.9951172	0.16567533
0.99612772	38175.238	6.0048828	0.16597949
0.99742413	38222.699	6.0146484	0.16632074
1.0010004	38255.605	6.0244141	0.1666317
1.000978	38300.227	6.0341797	0.1667483
1.0019972	38337.621	6.0439453	0.16718806
1.0053366	38376.922	6.0537109	0.16740815
1.0058687	38419.023	6.0634766	0.16779703
1.0076076	38459.715	6.0732422	0.16799673
1.0090961	38498.574	6.0830078	0.16834742
1.0104775	38546.426	6.0927734	0.16857545
1.0117068	38584.832	6.1025391	0.16893181
1.0138617	38635.043	6.1123047	0.16926971
1.0159314	38675.727	6.1220703	0.16952628
1.0169506	38721.664	6.1318359	0.1698513
1.0182381	38763.238	6.1416016	0.17024031
1.0201424	38804.734	6.1513672	0.17043485
1.0222346	38848.438	6.1611328	0.17085043
1.0233521	38892.926	6.1708984	0.17110401
1.0250196	38932.285	6.1806641	0.17132489
1.0277555	38981.891	6.1904297	0.17166865
1.0282964	39016.574	6.2001953	0.1719508
1.0303795	39060.051	6.2099609	0.17228594
1.0330484	39102.535	6.2197266	0.17261475
1.0336027	39146.684	6.2294922	0.17282794
1.0352209	39186.332	6.2392578	0.17323005
1.0367587	39231.801	6.2490234	0.17350644
1.0388017	39265.223	6.2587891	0.17383718
1.0407329	39311.313	6.2685547	0.17414537
1.0416538	39351.328	6.2783203	0.17446892
1.043424	39387.949	6.2880859	0.17471752
1.0453284	39435.145	6.2978516	0.17505498
1.0470539	39472.809	6.3076172	0.17534856
1.0479345	39509.836	6.3173828	0.17557308
1.0500715	39553.668	6.3271484	0.17581867
1.051864	39588.859	6.3369141	0.17608333
1.0534108	39632.199	6.3466797	0.17635109
1.0543674	39671.668	6.3564453	0.17665543
1.0564551	39710.5	6.3662109	0.17705829
1.0586947	39750.266	6.3759766	0.17744236
1.0598928	39789.512	6.3857422	0.1775886
1.0614485	39827.605	6.3955078	0.17798609
1.0627002	39868.898	6.4052734	0.17826447
1.0643318	39905.938	6.4150391	0.17854463
1.0659144	39948.586	6.4248047	0.17886367
1.0676354	39988.504	6.4345703	0.17915936
1.0692761	40025.836	6.4443359	0.17940922
1.0703892	40066.344	6.4541016	0.17963615
1.073487	40102.477	6.4638672	0.17994048
1.0738581	40145.535	6.4736328	0.18023366
1.0750562	40185.23	6.4833984	0.18053238
1.0773406	40223.984	6.4931641	0.18087579
1.079397	40259.188	6.5029297	0.18111023
1.0799736	40300	6.5126953	0.18139848
1.0809705	40335.516	6.5224609	0.18167596
1.083009	40376.027	6.5322266	0.18201879
1.0841265	40414.133	6.5419922	0.18233281
1.0870904	40454.328	6.5517578	0.18255076
1.0892138	40491.57	6.5615234	0.18286775
1.0906444	40527.148	6.5712891	0.18311624
1.0922492	40564.719	6.5810547	0.1833429
1.0932148	40605.262	6.5908203	0.1837233
1.0938495	40642.602	6.6005859	0.18404052
1.0956645	40686.145	6.6103516	0.1842415
1.0973141	40720.992	6.6201172	0.18462908
1.09891	40760.5	6.6298828	0.1848626
1.1013955	40802.117	6.6396484	0.18522607
1.102464	40836.277	6.6494141	0.1853908
1.1041045	40875.445	6.6591797	0.18579572
1.105392	40915.707	6.6689453	0.18608421
1.10832	40955.02	6.6787109	0.18629251
1.1087492	40997.371	6.6884766	0.18657199
1.1112213	41036.465	6.6982422	0.186887
1.1114806	41075.844	6.7080078	0.18712278
1.1137515	41118.02	6.7177734	0.18739241
1.1151105	41156.613	6.7275391	0.18778366
1.1166527	41202.887	6.7373047	0.18797763
1.1183784	41244.195	6.7470703	0.18833521
1.1202872	41292.387	6.7568359	0.18861993
1.1221021	41333.559	6.7666016	0.18892761
1.12326	41380.328	6.7763672	0.18930292
1.1252761	41422.395	6.7861328	0.18949063
1.1268363	41467.637	6.7958984	0.18995872
1.1288077	41509.848	6.8056641	0.19024691
1.1303812	41556.938	6.8154297	0.19049475
1.132527	41604.281	6.8251953	0.19083765
1.1351957	41643.125	6.8349609	0.19109739
1.136604	41691.668	6.8447266	0.19139737
1.1371672	41730.582	6.8544922	0.19172886
1.1392102	41775.27	6.8642578	0.1920705
1.1409357	41819.703	6.8740234	0.19235773
1.1424825	41861.688	6.8837891	0.19266886
1.1454999	41900.289	6.8935547	0.19291562
1.1452854	41944.293	6.9033203	0.19328593
1.1481196	41985.637	6.9130859	0.19362171
1.149796	42034.32	6.9228516	0.19391415
1.1520848	42073.445	6.9326172	0.19420643
1.1545479	42114.461	6.9423828	0.19456279
1.1555448	42160.367	6.9521484	0.19482671
1.1561527	42197.742	6.9619141	0.19518352
1.1582583	42237.121	6.9716797	0.19541511
1.1595547	42279.852	6.9814453	0.19570741
1.1606276	42318.75	6.9912109	0.19596057
1.1635377	42359.184	7.0009766	0.19631913
1.1643916	42401.586	7.0107422	0.19663747
1.1673286	42442.039	7.0205078	0.19693463
1.168558	42482.297	7.0302734	0.19728464
1.1702836	42518.828	7.0400391	0.19758049
1.1723354	42561.75	7.0498047	0.19781381
1.1735827	42601.07	7.0595703	0.19812152
1.1740699	42639.066	7.0693359	0.19845456
1.1759474	42680.859	7.0791016	0.19883293
1.1781871	42717.148	7.0888672	0.19902265
1.1795595	42754.852	7.0986328	0.19943355
1.181437	42790.082	7.1083984	0.19967185
1.1835605	42831.961	7.1181641	0.19985008
1.1844144	42865.801	7.1279297	0.20023623
1.1860595	42905.047	7.1376953	0.20053905
1.1891574	42940.078	7.1474609	0.20081307
1.1884153	42981.609	7.1572266	0.20104034
1.1902839	43017.16	7.1669922	0.20132057
1.1923403	43053.766	7.1767578	0.20171373
1.1945977	43093.004	7.1865234	0.20196067
1.1960909	43128.07	7.1962891	0.20227227
1.1973872	43162.641	7.2060547	0.20251699
1.1989071	43202.988	7.2158203	0.20276488
1.2002394	43242.035	7.2255859	0.20317152
1.2019382	43281.531	7.2353516	0.20340279
1.2034982	43320.645	7.2451172	0.20367853
1.2052149	43356.688	7.2548828	0.20391025
1.2080044	43394.137	7.2646484	0.20413071
1.2078971	43432.211	7.2744141	0.2045245
1.2097075	43468.359	7.2841797	0.20484491
1.2121127	43511.031	7.2939453	0.20510453
1.2123003	43544.941	7.3037109	0.20541754
1.2157649	43586.211	7.3134766	0.20574166
1.2166455	43621.973	7.3232422	0.20590189
1.2191892	43663.332	7.3330078	0.20626128
1.219824	43697.957	7.3427734	0.20654066
1.221715	43739.188	7.3525391	0.20691746
1.223655	43775.441	7.3623047	0.20717688
1.2251213	43819.285	7.3720703	0.20744164
1.2259752	43851.797	7.3818359	0.20773926
1.2281299	43888.57	7.3916016	0.20798777
1.2290597	43926.016	7.4013672	0.20832999
1.23007	43963.684	7.4111328	0.20852433
1.2322917	44000.617	7.4208984	0.20885509
1.235117	44033.895	7.4306641	0.2090556
1.2355461	44072.832	7.4404297	0.20936956
1.238148	44112.477	7.4501953	0.20965184
1.2393997	44144.891	7.4599609	0.20986691
1.2407317	44184.266	7.4697266	0.21018679
1.2427881	44213.398	7.4794922	0.21043003
1.2429714	44251.395	7.4892578	0.21072234
1.2455642	44282.828	7.4990234	0.2110271
1.2467399	44323.148	7.5087891	0.21133806
1.2478218	44355.504	7.5185547	0.21162383
1.2504369	44400.594	7.5283203	0.21183346
1.2508795	44434.129	7.5380859	0.21214926
1.2524664	44473.621	7.5478516	0.21239483
1.2551576	44512.738	7.5576172	0.21267195
1.2571871	44551.141	7.5673828	0.21296163
1.2581482	44592.23	7.5771484	0.21329241
1.2604728	44633.91	7.5869141	0.21359496
1.2607143	44673.168	7.5966797	0.21390699
1.2627661	44713.078	7.6064453	0.21413721
1.2640268	44749.816	7.6162109	0.21445665
1.2665838	44791.156	7.6259766	0.21474041
1.2678891	44828.316	7.6357422	0.214967
1.2697175	44869.879	7.6455078	0.21536624
1.2712777	44908.156	7.6552734	0.21553327
1.2718052	44946.957	7.6650391	0.2158553
1.2747242	44981.129	7.6748047	0.21611755
1.2757256	45024.809	7.6845703	0.21639775
1.2772501	45059.906	7.6943359	0.21670629
1.2797847	45100.266	7.7041016	0.21698029
1.2805984	45140.383	7.7138672	0.21724899
1.2825475	45180.965	7.7236328	0.21759315
1.2840897	45221.066	7.7333984	0.21790215
1.2852699	45259.547	7.7431641	0.21829973
1.2878537	45294.711	7.7529297	0.2185261
1.2887836	45337.754	7.7626953	0.2187351
1.2897267	45373.668	7.7724609	0.2191436
1.2917922	45413.668	7.7822266	0.21935463
1.2930483	45452.43	7.7919922	0.21957481
1.2944341	45490.961	7.8017578	0.2198371
1.2968659	45531.039	7.8115234	0.22019425
1.2973084	45569.793	7.8212891	0.22050706
1.2994184	45608.617	7.8310547	0.22088644
1.3014168	45654.82	7.8408203	0.22105987
1.3046846	45686.855	7.8505859	0.22137742
1.3052299	45730.328	7.8603516	0.22171147
1.3075501	45768.758	7.8701172	0.22198404
1.3088689	45810.141	7.8798828	0.22232454
1.3102233	45849.051	7.8896484	0.22256614
1.3112559	45889.766	7.8994141	0.22296761
1.3142421	45925.063	7.9091797	0.22320071
1.3153553	45965.445	7.9189453	0.22340734
1.3155073	45998.82	7.9287109	0.22372523
1.3179302	46040.539	7.9384766	0.22406422
1.3198882	46075.07	7.9482422	0.22436737
1.3221726	46115.086	7.9580078	0.22459145
1.3228744	46149.492	7.9677734	0.22485685
1.3248056	46189.531	7.9775391	0.22523554
1.3266653	46221.984	7.9873047	0.22544661
1.3283148	46265.371	7.9970703	0.22573186
1.330416	46294.02	8.0068359	0.2259399
1.3309612	46337.285	8.0166016	0.22626434
1.3329238	46374.211	8.0263672	0.2265771
1.3337731	46409.461	8.0361328	0.22688062
1.3353199	46445.18	8.0458984	0.22710869
1.3375998	46485.391	8.0556641	0.227405
1.3381183	46517.691	8.0654297	0.22766362
1.3415291	46558.34	8.0751953	0.22805199
1.3422623	46588.656	8.0849609	0.22826146
1.3435453	46630.777	8.0947266	0.22854957
1.3462275	46666.648	8.1044922	0.22879124
1.3469964	46701.645	8.1142578	0.22907822
1.3491645	46738.055	8.1240234	0.22939007
1.3491735	46777.434	8.1337891	0.22970387
1.3523028	46810.141	8.1435547	0.23001742
1.3537512	46851.586	8.1533203	0.23016885
1.3549938	46884.461	8.1630859	0.23052727
1.3562188	46925.383	8.1728516	0.23077576
1.3576448	46958.84	8.1826172	0.23110373
1.3594911	46995.055	8.1923828	0.23135832
1.3610735	47036.867	8.2021484	0.23171072
1.3618827	47079.664	8.2119141	0.23191899
1.3652756	47112.246	8.2216797	0.23235939
1.3664558	47159.539	8.2314453	0.23265746
1.3681144	47195.875	8.2412109	0.232899
1.3700545	47234.637	8.2509766	0.23312619
1.371941	47273.09	8.2607422	0.23348041
1.37389	47318.027	8.2705078	0.23373938
1.3753921	47352.043	8.2802734	0.23403637
1.3764739	47397.395	8.2900391	0.23436768
1.3782396	47428.516	8.2998047	0.23457554
1.3797953	47477.25	8.3095703	0.23484068
1.3820662	47512.789	8.3193359	0.23510608
1.3820753	47555.918	8.3291016	0.23546112
1.3840377	47598.016	8.3388672	0.23578803
1.3863311	47637.57	8.3486328	0.23606639
1.3891518	47678.629	8.3583984	0.23639801
1.3908774	47722.707	8.3681641	0.23676895
1.3918207	47757.125	8.3779297	0.23707701
1.3930053	47799.188	8.3876953	0.23730206
1.3955131	47836.508	8.3974609	0.23762982
1.3973415	47880.211	8.4072266	0.23791417
1.3981462	47914.922	8.4169922	0.23822923
1.4000595	47955.879	8.4267578	0.23852697
1.4019861	47994.141	8.4365234	0.23877461
1.4041498	48033.797	8.4462891	0.23906197
1.4042526	48064.512	8.4560547	0.2393394
1.4063179	48106.695	8.4658203	0.23966636
1.4085755	48144.125	8.4755859	0.24000475
1.4103458	48184.621	8.4853516	0.24022004
1.4117271	48220.496	8.4951172	0.24059457
1.41377	48258.953	8.5048828	0.24084362
1.41491	48292.172	8.5146484	0.24122427
1.416497	48331.367	8.5244141	0.24145211
1.4186964	48363.609	8.5341797	0.24175851
1.4202029	48403.934	8.5439453	0.24197665
1.4221654	48436.227	8.5537109	0.2422785
1.4229923	48476.363	8.5634766	0.24254254
1.4245123	48511.66	8.5732422	0.24287851
1.4267788	48550.383	8.5830078	0.24311529
1.4283254	48581.039	8.5927734	0.24339619
1.4296889	48620.852	8.6025391	0.24366689
1.4309452	48656.551	8.6123047	0.24394938
1.4322639	48693.688	8.6220703	0.24428737
1.434119	48727.07	8.6318359	0.24444112
1.4358177	48766.383	8.6416016	0.24481931
1.4380708	48803.945	8.6513672	0.24511798
1.4394432	48837.137	8.6611328	0.24534866
1.4415576	48871.23	8.6708984	0.24567051
1.4431447	48909.32	8.6806641	0.24595419
1.444298	48939.715	8.6904297	0.24618916
1.4464841	48977.855	8.7001953	0.24642681
1.4475658	49013.777	8.7099609	0.24676763
1.4490724	49047.715	8.7197266	0.24701452
1.4496446	49080.438	8.7294922	0.24722129
1.452832	49117.141	8.7392578	0.247574
1.4534757	49148.109	8.7490234	0.24784902
1.4551566	49188.793	8.7587891	0.24814995
1.4569268	49222.27	8.7685547	0.2484632
1.4586478	49259.938	8.7783203	0.24877575
1.4590189	49293.984	8.7880859	0.24899815
1.4604807	49330.121	8.7978516	0.24932191
1.4622599	49367.414	8.8076172	0.24962708
1.4660776	49404.68	8.8173828	0.24989457
1.465349	49444.227	8.8271484	0.25015405
1.4686391	49483.805	8.8369141	0.25045264
1.470016	49518.305	8.8466797	0.25073695
1.4720097	49561.625	8.8564453	0.2510342
1.4729261	49593.641	8.8662109	0.25128421
1.4745846	49634.324	8.8759766	0.25155303
1.4759257	49671.488	8.8857422	0.2518805
1.4781878	49709.992	8.8955078	0.25213739
1.4800161	49743.332	8.9052734	0.25236595
1.4809682	49783.352	8.9150391	0.25270459
1.4827654	49817.34	8.9248047	0.25304759
1.4843255	49857.105	8.9345703	0.25322145
1.4856889	49890.637	8.9443359	0.25360718
1.4875621	49929.828	8.9541016	0.25389203
1.4887959	49969.266	8.9638672	0.25411096
1.4904454	50006.93	8.9736328	0.25448745
1.4935702	50040.488	8.9833984	0.25468394
1.4937983	50079.047	8.9931641	0.25499845
1.494965	50116.531	9.0029297	0.25529405
1.497665	50154.867	9.0126953	0.25565267
1.4993906	50192.082	9.0224609	0.25589538
1.5003607	50227.754	9.0322266	0.25621021
1.5036061	50267.758	9.0419922	0.25653097
1.5047282	50303.867	9.0517578	0.25679913
1.5061319	50338.473	9.0615234	0.25706741
1.5070707	50375.813	9.0712891	0.25733089
1.5093148	50409.121	9.0810547	0.25758767
1.5092254	50449.352	9.0908203	0.25785789
1.5116796	50487.77	9.1005859	0.25817469
1.5141115	50525.262	9.1103516	0.25842008
1.5155911	50559.785	9.1201172	0.25873229
1.516588	50595.863	9.1298828	0.2590166
1.5190601	50635.727	9.1396484	0.25926721
1.521188	50672.02	9.1494141	0.25966811
1.5211926	50709.48	9.1591797	0.25986201
1.5237808	50750.836	9.1689453	0.26018408
1.5244424	50785.723	9.1787109	0.26043114
1.5267849	50823.25	9.1884766	0.26068431
1.5281842	50860.352	9.1982422	0.26096463
1.5296593	50895.75	9.2080078	0.26137418
1.5315145	50932.145	9.2177734	0.26161712
1.5336201	50969.961	9.2275391	0.26194459
1.5348583	51004.063	9.2373047	0.26218
1.5358776	51041.473	9.2470703	0.26239282
1.537554	51081.402	9.2568359	0.26285633
1.5403256	51112.16	9.2666016	0.26300538
1.5409336	51151.461	9.2763672	0.2633042
1.5433118	51187.781	9.2861328	0.26353744
1.5446351	51223.609	9.2958984	0.2639271
1.5467048	51263.223	9.3056641	0.26421356
1.5486538	51299.719	9.3154297	0.26457652
1.5495076	51337.359	9.3251953	0.26472679
1.5512377	51372.961	9.3349609	0.26519182
1.5527084	51410.695	9.3447266	0.26543033
1.5548096	51446.898	9.3544922	0.26565036
1.5556052	51482.813	9.3642578	0.26592258
1.5577867	51524.809	9.3740234	0.26627648
1.5603751	51563.703	9.3837891	0.26652741
1.5614122	51598.836	9.3935547	0.26676324
1.5635715	51632.957	9.4033203	0.26708293
1.5652746	51672.465	9.4130859	0.26737955
1.5654802	51705.875	9.4228516	0.26773298
1.5672729	51742.262	9.4326172	0.26797855
1.5690833	51779.027	9.4423828	0.26815385
1.5706525	51817.699	9.4521484	0.26848504
1.571466	51853.176	9.4619141	0.26886299
1.5740142	51887.613	9.4716797	0.26903495
1.5761151	51921.891	9.4814453	0.26940143
1.5777335	51963.699	9.4912109	0.26961675
1.5788867	51991.797	9.5009766	0.26989883
1.5811577	52029.09	9.5107422	0.27023906
1.5825882	52063.75	9.5205078	0.27055535
1.5836567	52098.262	9.5302734	0.27078414
1.5858784	52130.414	9.5400391	0.27103683
1.5872329	52169.883	9.5498047	0.27135599
1.589039	52200.523	9.5595703	0.27164859
1.5906394	52237.82	9.5693359	0.27193886
1.5930355	52269.961	9.5791016	0.27225888
1.5938759	52310.277	9.5888672	0.27248633
1.5956149	52341.023	9.5986328	0.2728768
1.5977025	52376.953	9.6083984	0.27308434
1.5982658	52402.27	9.6181641	0.2733373
1.6004429	52424.824	9.6279297	0.27363542
1.6021013	52453.105	9.6376953	0.27379698
1.6036123	52479.129	9.6474609	0.27404603
1.604028	52514.09	9.6572266	0.27431068
1.6066923	52553.883	9.6669922	0.27466008
1.6085162	52593.125	9.6767578	0.27493677
1.6091287	52639.891	9.6865234	0.27528375
1.612249	52683.227	9.6962891	0.27557373
1.6128033	52734.879	9.7060547	0.27582288
1.6147614	52773.012	9.7158203	0.27612311
1.6169965	52816.215	9.7255859	0.27633783
1.6172022	52851.348	9.7353516	0.2767469
1.6202197	52893.672	9.7451172	0.27698976
1.6216993	52929.289	9.7548828	0.27729902
1.6237736	52973.875	9.7646484	0.2775715
1.6250074	53012.398	9.7744141	0.27788785
1.6258881	53053.363	9.7841797	0.27824703
1.6286328	53093.328	9.7939453	0.27850506
1.6301439	53133.887	9.8037109	0.27877867
1.6322404	53176.199	9.8134766	0.2791836
1.6331658	53217.152	9.8232422	0.27943206
1.6356021	53252.902	9.8330078	0.27963942
1.6369432	53293.223	9.8427734	0.27998638
1.6379669	53335.633	9.8525391	0.28027898
1.641114	53373.098	9.8623047	0.28058314
1.6420081	53409.906	9.8720703	0.28092483
1.6430721	53454.406	9.8818359	0.28120121
1.6452491	53486.898	9.8916016	0.28147134
1.6479403	53525.91	9.9013672	0.28182152
1.6489148	53560.676	9.9111328	0.28206494
1.650305	53602.27	9.9208984	0.28241187
1.652442	53635.66	9.9306641	0.2826584
1.6536444	53674.246	9.9404297	0.28301498
1.655522	53707.086	9.9501953	0.28331587
1.6577528	53747.449	9.9599609	0.28357586
1.6598537	53778.488	9.9697266	0.2838867
1.6610205	53818.934	9.9794922	0.28414422
1.6626924	53848.234	9.9892578	0.28443605
1.6638055	53881.543	9.9990234	0.28471822
1.6651601	53911.449	10.008789	0.2850264
1.6675115	53947.727	10.018555	0.28527951
1.6689017	53972.945	10.02832	0.28553173
1.6712532	54006.953	10.038086	0.28580716
1.6708329	54034.91	10.047852	0.28609183
1.6729786	54070.453	10.057617	0.28633153
1.675813	54097.406	10.067383	0.2866106
1.6759068	54127	10.077148	0.28689131
1.6779854	54153.094	10.086914	0.28718087
1.6786873	54183.855	10.09668	0.28738824
1.6807705	54204.973	10.106445	0.28765318
1.6824335	54236.25	10.116211	0.28794348
1.684387	54261.535	10.125977	0.28815788
1.686126	54307.734	10.135742	0.28848955
1.6873509	54332.461	10.145508	0.28871167
1.6885891	54366.785	10.155273	0.28906435
1.6896307	54392.402	10.165039	0.28932711
1.6910434	54430.184	10.174805	0.28953326
1.6930729	54465.668	10.18457	0.28983018
1.6949997	54507.105	10.194336	0.29016247
1.6955986	54537.777	10.204102	0.29044133
1.6987771	54578.234	10.213867	0.29060924
1.7002344	54612.813	10.223633	0.29098278
1.7025993	54648.824	10.233398	0.2911174
1.7020895	54683.277	10.243164	0.29147622
1.7042444	54720.887	10.25293	0.29175854
1.7060862	54757.621	10.262695	0.29207769
1.7079904	54795.656	10.272461	0.29237428
1.7097026	54829.305	10.282227	0.29259157
1.709792	54870.426	10.291992	0.29295158
1.7131805	54906.254	10.301758	0.29320848
1.7140836	54943.367	10.311523	0.29346856
1.715067	54979.867	10.321289	0.29381031
1.7177627	55019.887	10.331055	0.29408637
1.719363	55053.02	10.34082	0.2943413
1.720892	55094.789	10.350586	0.29461583
1.7227962	55128.711	10.360352	0.29490405
1.7243609	55170.816	10.370117	0.29523239
1.7264531	55202.945	10.379883	0.29559568
1.7275617	55247.305	10.389648	0.29588184
1.7290235	55282.695	10.399414	0.29615372
1.7302215	55320.316	10.40918	0.29643637
1.7319739	55352.371	10.418945	0.2967369
1.7351344	55393.883	10.428711	0.29702938
1.7363324	55425.188	10.438477	0.29725212
1.7376647	55462.629	10.448242	0.29756075
1.7392025	55492.852	10.458008	0.29787076
1.7419696	55532.836	10.467773	0.29807979
1.741679	55567.219	10.477539	0.298444
1.7451837	55602.055	10.487305	0.29876685
1.7451928	55629.02	10.49707	0.29898673
1.7471061	55665.742	10.506836	0.29922384
1.7484651	55695.672	10.516602	0.29954332
1.751183	55732.68	10.526367	0.29977944
1.753217	55765.57	10.536133	0.30009562
1.752846	55798.559	10.545898	0.30043918
1.7551661	55828.754	10.555664	0.30062026
1.7570748	55865.605	10.56543	0.30093855
1.7588899	55893.781	10.575195	0.30122679
1.7596364	55933.047	10.584961	0.30144784
1.762502	55963.902	10.594727	0.30183226
1.7647058	56002.012	10.604492	0.30204317
1.7656177	56034.938	10.614258	0.30228305
1.7665207	56069.063	10.624023	0.3026607
1.7687068	56105.48	10.633789	0.30286679
1.769887	56136.738	10.643555	0.30315825
1.7718047	56169.852	10.65332	0.30344084
1.7736151	56210.453	10.663086	0.30374941
1.7751083	56239.914	10.672852	0.30397308
1.7759397	56273.863	10.682617	0.3042565
1.7784789	56309.414	10.692383	0.30456465
1.7797798	56346.801	10.702148	0.30488932
1.7816305	56379.133	10.711914	0.30516651
1.7832488	56414.453	10.72168	0.30544418
1.7843976	56445.297	10.731445	0.30574071
1.786624	56484.93	10.741211	0.30593184
1.7880499	56517.18	10.750977	0.3062506
1.7893195	56554.844	10.760742	0.30653751
1.7895832	56587.855	10.770508	0.30675527
1.7919884	56623.16	10.780273	0.30714282
1.7943531	56654.938	10.790039	0.30743384
1.7946213	56689.242	10.799805	0.30763489
1.7978489	56720.113	10.80957	0.30788809
1.799427	56758.41	10.819336	0.30826324
1.8017828	56790.305	10.829102	0.30849603
1.8021538	56820.891	10.838867	0.30875921
1.8041253	56854.941	10.848633	0.30900654
1.8052876	56888.574	10.858398	0.30930367
1.8070533	56919.461	10.868164	0.30961642
1.8086627	56953.652	10.87793	0.30988255
1.8097625	56987.074	10.887695	0.31006363
1.8124356	57022.418	10.897461	0.31032634
1.8124402	57051.047	10.907227	0.31055522
1.81375	57084.242	10.916992	0.31089661
1.8165395	57119.965	10.926758	0.31125885
1.8170893	57149.227	10.936523	0.31142917
1.8199906	57182.332	10.946289	0.31175041
1.8205941	57213.262	10.956055	0.31204355
1.8222213	57248.129	10.96582	0.31230268
1.8243581	57283.648	10.975586	0.31260714
1.8261552	57312.23	10.985352	0.31281936
1.827988	57347.492	10.995117	0.31312215
1.8301382	57383.684	11.004883	0.3133907
1.8307552	57423.176	11.014648	0.31374124
1.8328249	57460.465	11.024414	0.31399506
1.8345684	57500.953	11.03418	0.31424916
1.8362985	57531.164	11.043945	0.31455949
1.8366516	57575.234	11.053711	0.31485659
1.8385202	57607.168	11.063477	0.31512004
1.8402368	57647.09	11.073242	0.31545836
1.8426061	57678.586	11.083008	0.31575984
1.8439426	57720.977	11.092773	0.31600863
1.8459544	57753.098	11.102539	0.31630188
1.8475816	57796.141	11.112305	0.31667262
1.8488154	57830.199	11.12207	0.31685928
1.8512115	57872.637	11.131836	0.31719387
1.8530935	57905.68	11.141602	0.31752899
1.8538311	57943.961	11.151367	0.31777242
1.8559724	57977.621	11.161133	0.3180916
1.857537	58016.094	11.170898	0.31836703
1.8588066	58050.828	11.180664	0.31869373
1.8615291	58089.855	11.19043	0.31899399
1.8618196	58121.047	11.200195	0.31924459
1.8650248	58161.273	11.209961	0.31956658
1.8659681	58190.148	11.219727	0.31978598
1.8672779	58225.168	11.229492	0.32015309
1.8688426	58259.219	11.239258	0.32034513
1.8713772	58291.809	11.249023	0.32068464
1.8733442	58324.344	11.258789	0.32095242
1.8739655	58359.504	11.268555	0.32127687
1.8757135	58392.176	11.27832	0.32154447
1.878257	58430.688	11.288086	0.32186726
1.8795624	58461.223	11.297852	0.32214618
1.880756	58496.535	11.307617	0.32240206
1.8826157	58524.977	11.317383	0.32264102
1.8857628	58558.25	11.327148	0.32298008
1.8852398	58591.363	11.336914	0.32317948
1.8868357	58625.273	11.34668	0.32350081
1.8880159	58658.688	11.356445	0.32374561
1.8908858	58692.516	11.366211	0.32409728
1.8929646	58725.289	11.375977	0.32431427
1.8943682	58757.684	11.385742	0.3246319
1.8951461	58791.09	11.395508	0.32494015
1.8967464	58825.777	11.405273	0.32514104
1.8987179	58852.559	11.415039	0.32552043
1.8997639	58891.137	11.424805	0.32571572
1.9020259	58921.59	11.43457	0.3260439
1.9030809	58955.004	11.444336	0.32626656
1.9050167	58988.121	11.454102	0.32660672
1.9068539	59020.352	11.463867	0.32688046
1.9092768	59055.164	11.473633	0.32715827
1.9096837	59085.82	11.483398	0.32747796
1.9114763	59114.383	11.493164	0.3277455
1.9129515	59149.109	11.50293	0.32797095
1.9144938	59181.391	11.512695	0.32828066
1.915504	59213.609	11.522461	0.3285808
1.9170731	59247.031	11.532227	0.32880956
1.9187003	59275.121	11.541992	0.32910469
1.9205868	59311.676	11.551758	0.32930118
1.921834	59350.293	11.561523	0.32964826
1.9244671	59383.992	11.571289	0.32986477
1.9254684	59419.898	11.581055	0.33014947
1.9274712	59451.359	11.59082	0.33053434
1.9287632	59487.371	11.600586	0.33077681
1.9304528	59522.332	11.610352	0.33096975
1.9321427	59553.945	11.620117	0.33139488
1.9331977	59585.789	11.629883	0.33159715
1.9356519	59618.918	11.639648	0.33187088
1.9376367	59654.176	11.649414	0.33210757
1.9393041	59687.527	11.65918	0.33247671
1.9402474	59718.238	11.668945	0.33272335
1.9416869	59755.078	11.678711	0.33299127
1.943238	59787.965	11.688477	0.33331898
1.9448608	59819.078	11.698242	0.33350289
1.9470289	59853.633	11.708008	0.33376461
1.9492418	59889.738	11.717773	0.33411396
1.9500643	59919.559	11.727539	0.33440158
1.9515127	59954.109	11.737305	0.3346673
1.9531667	59986.41	11.74707	0.33503297
1.9545257	60018.949	11.756836	0.33522591
1.9562423	60053.168	11.766602	0.33550757
1.9581959	60089.141	11.776367	0.33583176
1.9601583	60123.328	11.786133	0.33613783
1.9613922	60154.121	11.795898	0.33638746
1.9628406	60188.121	11.805664	0.33672637
1.9644365	60219.902	11.81543	0.33692598
1.9656569	60252.406	11.825195	0.33727196
1.968415	60284.348	11.834961	0.33752105
1.9689381	60319.395	11.844727	0.33786806
1.9720182	60345.953	11.854492	0.33806866
1.9730061	60382.992	11.864258	0.33835196
1.9742086	60413.781	11.874023	0.338723
1.9751205	60445.125	11.883789	0.33893192
1.9775703	60478.918	11.893555	0.33923936
1.9787862	60509.043	11.90332	0.33945012
1.9795239	60545.035	11.913086	0.33970979
1.982832	60583.465	11.922852	0.33997801
1.9839272	60615.164	11.932617	0.34030402
1.9849956	60655.281	11.942383	0.34059897
1.9873917	60690.094	11.952148	0.34089184
1.9889786	60724.809	11.961914	0.3412275
1.9911335	60761.625	11.97168	0.34146363
1.9930735	60797.75	11.981445	0.34175506
1.994285	60831	11.991211	0.34205699
1.9962118	60867.66	12.000977	0.34241453
1.9980669	60898.633	12.010742	0.34261978
1.9988626	60939.109	12.020508	0.34295711
2.0012407	60965.609	12.030273	0.34319574
2.0024121	60999.934	12.040039	0.34336424
2.0040796	61031.242	12.049805	0.34383205
2.0045042	61065.105	12.05957	0.34412238
2.007334	61099.203	12.069336	0.34428886
2.0082102	61136.184	12.079102	0.34468237
2.0108433	61169.02	12.088867	0.34492821
2.0115986	61199.574	12.098633	0.34519508
2.01298	61234.352	12.108398	0.34549427
2.0152018	61267.113	12.118164	0.34567985
2.0169318	61299.523	12.12793	0.34606469
2.0190284	61335.266	12.137695	0.34633604
2.0207539	61364.801	12.147461	0.34659788
2.0215585	61404.07	12.157227	0.34691432
2.023056	61433.191	12.166992	0.34714934
2.0248353	61471.164	12.176758	0.34752899
2.0275712	61499.809	12.186523	0.34770355
2.0288854	61532.125	12.196289	0.34801701
2.0298333	61563.984	12.206055	0.34828901
2.0317063	61600.266	12.21582	0.34856617
2.0341649	61630.188	12.225586	0.34894988
2.0352736	61667.148	12.235352	0.34908003
2.0361855	61699.293	12.245117	0.34942874
2.0376697	61731.844	12.254883	0.34969908
2.0395293	61762.375	12.264648	0.35007942
2.0422385	61792.891	12.274414	0.35026801
2.0441606	61827.598	12.28418	0.35055175
2.0450592	61862.398	12.293945	0.35083702
2.0456538	61893.098	12.303711	0.35115761
2.0483449	61927.477	12.313477	0.35144031
2.0501823	61957.582	12.323242	0.35173434
2.0518229	61990.93	12.333008	0.35202491
2.0531282	62021.313	12.342773	0.35229838
2.0549119	62054.453	12.352539	0.35265055
2.0553498	62087.945	12.362305	0.35290906
2.057478	62122.016	12.37207	0.3531189
2.0588324	62153.824	12.381836	0.35348326
2.0614789	62189.063	12.391602	0.35365105
2.0627439	62217.875	12.401367	0.35404566
2.0641341	62253.742	12.411133	0.35427886
2.0662532	62281.656	12.420898	0.35454214
2.0682068	62316.207	12.430664	0.35482946
2.069284	62344.691	12.44043	0.35508057
2.0711615	62382.746	12.450195	0.35542661
2.072154	62410.895	12.459961	0.35570771
2.074188	62446.391	12.469727	0.35589465
2.0760207	62474.504	12.479492	0.35619673
2.0768836	62509.059	12.489258	0.35654187
2.0791993	62540.367	12.499023	0.35690227
2.0807817	62574.125	12.508789	0.35711643
2.0815997	62595.598	12.518555	0.35746229
2.084197	62634.727	12.52832	0.35763344
2.0852387	62659.516	12.538086	0.35793275
2.0875633	62693.246	12.547852	0.35826182
2.0887613	62721.34	12.557617	0.35846773
2.0907731	62756.484	12.567383	0.35876045
2.0913587	62782.469	12.577148	0.35903767
2.0925834	62819.262	12.586914	0.35927144
2.0946889	62854.191	12.59668	0.35959646
2.0961597	62889.574	12.606445	0.35990122
2.0987167	62919.348	12.616211	0.36025557
2.0991862	62957.805	12.625977	0.36049011
2.1009474	62987.641	12.635742	0.36076978
2.103071	63024.379	12.645508	0.36109307
2.1051183	63052.555	12.655273	0.36128414
2.1067903	63089.129	12.665039	0.3617231
2.1070495	63119.41	12.674805	0.36195502
2.1076798	63155.66	12.68457	0.36218923
2.110009	63186.934	12.694336	0.36246726
2.1126688	63221.879	12.704102	0.36276329
2.1149218	63247.746	12.713867	0.3629975
2.1158428	63283.055	12.723633	0.36323535
2.1177382	63312.695	12.733398	0.3635242
2.1177783	63345.863	12.743164	0.363803
2.1213145	63373.395	12.75293	0.3641468
2.1224856	63407.539	12.762695	0.3643879
2.1245062	63437.438	12.772461	0.36468324
2.1258116	63474.148	12.782227	0.36514059
2.1270812	63501.133	12.791992	0.36536977
2.1287665	63535.465	12.801758	0.36561
2.1307602	63571.773	12.811523	0.36585891
2.1307826	63607.563	12.821289	0.36617136
2.1342249	63637.859	12.831055	0.36649626
2.1350741	63673.398	12.84082	0.36668894
2.1370144	63701.906	12.850586	0.36705056
2.1390171	63738.816	12.860352	0.36736616
2.1410556	63770.055	12.870117	0.36762393
2.141355	63806.355	12.879883	0.36793479
2.1440639	63835.043	12.889648	0.36817253
2.1451144	63866.516	12.899414	0.36846465
2.1471887	63901.02	12.90918	0.36881983
2.1485209	63936.984	12.918945	0.36898577
2.1509662	63962.141	12.928711	0.36931399
2.1525712	64000.633	12.938477	0.36957872
2.1543012	64028.527	12.948242	0.36984733
2.1552041	64066.352	12.958008	0.37022588
2.1583109	64091.063	12.967773	0.37048671
2.1575065	64119.559	12.977539	0.37071538
2.1612167	64150.199	12.987305	0.3710185
2.1619141	64185.09	12.99707	0.37129378
2.1625712	64211.098	13.006836	0.37158707
2.1644621	64248.129	13.016602	0.37177438
2.1669388	64272.949	13.026367	0.37212151
2.1681905	64307.32	13.036133	0.37237734
2.1684542	64336.723	13.045898	0.37263256
2.1710649	64370.262	13.055664	0.37300119
2.1729872	64401.543	13.06543	0.37321943
2.174315	64437.668	13.075195	0.37351817
2.1761165	64468.492	13.084961	0.37373608
2.1782086	64501.863	13.094727	0.3740263
2.181016	64530.305	13.104492	0.37441567
2.1814182	64566.527	13.114258	0.37467244
2.1825762	64597.113	13.124023	0.37493163
2.1858261	64629.953	13.133789	0.37516049
2.1859422	64656.859	13.143555	0.37537992
2.1887496	64695.168	13.15332	0.37579367
2.1891251	64721.367	13.163086	0.37607434
2.1908283	64762.129	13.172852	0.37642851
2.1930099	64792.367	13.182617	0.3766503
2.1949053	64821.016	13.192383	0.37701347
2.1965504	64856.613	13.202148	0.37725973
2.1974354	64888.672	13.211914	0.37758607
2.2000597	64914.789	13.22168	0.377819
2.2012844	64951.773	13.231445	0.37809181
2.2029831	64981.934	13.241211	0.3783251
2.2043376	65014.082	13.250977	0.37862098
2.2051959	65041.777	13.260742	0.37895527
2.2069752	65076.918	13.270508	0.37912962
2.2096395	65104.203	13.280273	0.3795031
2.2104979	65141.402	13.290039	0.37973562
2.2124557	65168.359	13.299805	0.38006544
2.2129118	65203.363	13.30957	0.38031358
2.216135	65231.398	13.319336	0.38068026
2.2169888	65264.176	13.329102	0.38093346
2.2181602	65292.055	13.338867	0.38124904
2.2215977	65326.203	13.348633	0.38142666
2.2221832	65356.941	13.358398	0.38170573
2.2236943	65386.246	13.368164	0.3820281
2.2252588	65415.168	13.37793	0.38236612
2.2270515	65450.133	13.387695	0.3826474
2.2286475	65479.125	13.397461	0.38295782
2.2297337	65512.598	13.407227	0.38325822
2.2310524	65536.664	13.416992	0.38344982
2.2328496	65567.383	13.426758	0.3836472
2.2346423	65597.625	13.436523	0.38404563
2.2373021	65628.203	13.446289	0.38424677
2.2388577	65653.898	13.456055	0.38454905
2.2396042	65688.438	13.46582	0.38480762
2.2409453	65714.43	13.475586	0.38518903
2.2432699	65748.086	13.485352	0.38537163
2.244164	65774.5	13.495117	0.3857016
2.2450581	65806.828	13.504883	0.3860032
2.2487373	65836.891	13.514648	0.38621217
2.24998	65870.523	13.524414	0.3865357
2.2507131	65894.516	13.53418	0.38678354
2.2525146	65929.016	13.543945	0.38697836
2.254066	65954.164	13.553711	0.38732669
2.2554383	65986.453	13.563477	0.38753051
2.2567928	66015.977	13.573242	0.38784593
2.2594481	66045.852	13.583008	0.38820389
2.260597	66079.336	13.592773	0.3883791
2.2616341	66112.063	13.602539	0.38869971
2.2644594	66136.734	13.612305	0.38903505
2.2645264	66172.094	13.62207	0.38924673
2.2663817	66197.906	13.631836	0.38953319
2.2688894	66236.156	13.641602	0.38981166
2.2695689	66262.734	13.651367	0.39020869
2.2719338	66302.563	13.661133	0.39047852
2.2734671	66332.68	13.670898	0.39075249
2.2754698	66367.641	13.680664	0.39099804
2.2767038	66397.836	13.69043	0.39135107
2.2784338	66434.391	13.700195	0.39158562
2.2795334	66460.703	13.709961	0.39189845
2.2820859	66498.352	13.719727	0.39222586
2.2822514	66528.875	13.729492	0.39248714
2.2847414	66560.516	13.739258	0.39280054
2.2868335	66594.344	13.749023	0.39302692
2.2883177	66626.016	13.758789	0.39334878
2.2901864	66653.969	13.768555	0.39360598
2.2915006	66688.133	13.77832	0.39389977
2.2938206	66717.508	13.788086	0.39423519
2.2959261	66751.68	13.797852	0.39453995
2.2961318	66780.773	13.807617	0.39473906
2.298841	66815.484	13.817383	0.39507833
2.3004279	66847.453	13.827148	0.3954196
2.3028822	66877.977	13.836914	0.39561805
2.3021221	66906.102	13.84668	0.39586475
2.3052289	66940.18	13.856445	0.39620224
2.3067131	66967.406	13.866211	0.39646736
2.3084342	67002.07	13.875977	0.39679715
2.3099945	67032.5	13.885742	0.39705533
2.3123503	67060.156	13.895508	0.39738324
2.3125782	67088.234	13.905273	0.39754894
2.315037	67119.336	13.915039	0.39793596
2.3155868	67151.266	13.924805	0.39825606
2.3180814	67183.039	13.93457	0.39840958
2.3199677	67210.375	13.944336	0.39870068
2.3206651	67246.727	13.954102	0.39906639
2.3222117	67276.586	13.963867	0.3992976
2.325037	67305.625	13.973633	0.399535
2.3271918	67335.047	13.983398	0.39986598
2.3273752	67370.414	13.993164	0.4001244
2.328846	67399.75	14.00293	0.40046987
2.3315639	67431.367	14.012695	0.40069726
2.3329899	67460.367	14.022461	0.4010652
2.3340271	67492.297	14.032227	0.40130538
2.3353145	67524.867	14.041992	0.40156689
2.3374825	67553.844	14.051758	0.40187111
2.3391633	67583.859	14.061523	0.40221506
2.3417785	67615.75	14.071289	0.4024277
2.3423777	67643.555	14.081055	0.4027406
2.3437948	67673.672	14.09082	0.40299952
2.3455873	67702.133	14.100586	0.40324116
2.3466959	67733.82	14.110352	0.40354291
2.348949	67763.609	14.120117	0.40389615
2.3514657	67790.969	14.129883	0.40419027
2.3524852	67820.227	14.139648	0.40439379
2.353826	67851.547	14.149414	0.40472731
2.3556366	67878.672	14.15918	0.40493941
2.3569241	67914.164	14.168945	0.4052752
2.3592889	67940.82	14.178711	0.405534
2.3618727	67971.703	14.188477	0.40585837
2.3613362	68000.609	14.198242	0.40614891
2.3635178	68033.281	14.208008	0.4064717
2.365829	68067.336	14.217773	0.40667871
2.3663969	68099.82	14.227539	0.40700799
2.3686275	68132.016	14.237305	0.40724772
2.3701117	68161.445	14.24707	0.4075534
2.3718908	68195.133	14.256836	0.40789798
2.3733795	68223.063	14.266602	0.40820882
2.3756952	68258.438	14.276367	0.40845612
2.3770497	68283.609	14.286133	0.40878519
2.3780956	68324.203	14.295898	0.40906602
2.3799419	68352.555	14.305664	0.40932825
2.3822353	68384.219	14.31543	0.40967545
2.3837016	68416.102	14.325195	0.4099617
2.3857579	68447.219	14.334961	0.41029209
2.3872108	68478.789	14.344727	0.41053295
2.3893743	68513.117	14.354492	0.41074535
2.3908317	68541.203	14.364258	0.41113126
2.3929596	68577.664	14.374023	0.41132057
2.3938403	68603.469	14.383789	0.41155478
2.3950472	68634.844	14.393555	0.4119114
2.3972332	68662.25	14.40332	0.41224921
2.3993611	68690.672	14.413086	0.41248021
2.4003134	68718.594	14.422852	0.41285881
2.4016409	68747.234	14.432617	0.4129644
2.4027677	68776.398	14.442383	0.41338924
2.4049356	68809.906	14.452148	0.4135679
2.4061739	68838.555	14.461914	0.41394174
2.4090707	68869.211	14.47168	0.41419339
2.408807	68896.492	14.481445	0.41448304
2.4117305	68924.461	14.491211	0.4148052
2.4139524	68953.688	14.500977	0.4151341
2.4147213	68986.906	14.510742	0.41530672
2.416657	69013.547	14.520508	0.41564035
2.4183691	69040.258	14.530273	0.41592646
2.4193616	69071.516	14.540039	0.41618916
2.4212301	69098.578	14.549805	0.41653201
2.4236083	69130.172	14.55957	0.41677603
2.4245963	69157.719	14.569336	0.4170287
2.4248867	69182.805	14.579102	0.41728786
2.4287627	69218.648	14.588867	0.41762337
2.4293928	69244.453	14.598633	0.4179033
2.4309084	69278.211	14.608398	0.41821414
2.4333403	69309.828	14.618164	0.41840959
2.4338498	69337.383	14.62793	0.41884378
2.4365678	69367.219	14.637695	0.41898349
2.4372518	69397.414	14.647461	0.41934463
2.4388387	69424.922	14.657227	0.41960323
2.440846	69458.75	14.666992	0.41997445
2.442728	69483.477	14.676758	0.42022413
2.4436667	69514.945	14.686523	0.4204908
2.4460764	69543.688	14.696289	0.42078936
2.4465725	69573.359	14.706055	0.4210977
2.4485216	69601.219	14.71582	0.42125967
2.4499297	69634.219	14.725586	0.42159992
2.4522767	69660.102	14.735352	0.42185035
2.4535239	69691.203	14.745117	0.42214689
2.4540558	69720.133	14.754883	0.42245856
2.456291	69748.273	14.764648	0.42272624
2.4581552	69780.109	14.774414	0.42308298
2.4587498	69804.117	14.78418	0.4233281
2.4617181	69831.656	14.793945	0.42358434
2.462487	69861.719	14.803711	0.42389259
2.463779	69887.625	14.813477	0.42425397
2.466327	69919.422	14.823242	0.42440152
2.4682269	69944.164	14.833008	0.42475739
2.4695544	69977.977	14.842773	0.42499647
2.4711595	70007.609	14.852539	0.4252961
2.4728446	70038.461	14.862305	0.42562085
2.4746194	70065.898	14.87207	0.42581886
2.4764791	70098.688	14.881836	0.42621052
2.4768367	70128.586	14.891602	0.42637169
2.4789958	70162.813	14.901367	0.4267987
2.4812222	70187.25	14.911133	0.42706081
2.4834216	70222.156	14.920898	0.42730638
2.4836674	70251.398	14.930664	0.42768243
2.4863853	70280.516	14.94043	0.42792639
2.4886384	70310.672	14.950195	0.42821425
2.4888217	70342.023	14.959961	0.42850891
2.4909363	70369.188	14.969727	0.42882252
2.4923265	70401.398	14.979492	0.42903683
2.494441	70428.32	14.989258	0.42928833
2.4959877	70461.867	14.999023	0.42972603
2.4966984	70489.039	15.008789	0.42993373
2.4984331	70519.172	15.018555	0.43020242
2.5007977	70548.82	15.02832	0.43051568
2.5036321	70578.711	15.038086	0.43073708
2.5037079	70605.133	15.047852	0.43112081
2.5052905	70637.719	15.057617	0.43136811
2.5070295	70660.75	15.067383	0.43165508
2.5086119	70689.938	15.077148	0.43201002
2.5098279	70719.305	15.086914	0.43223417
2.5111153	70743.344	15.09668	0.43252605
2.5129437	70772.031	15.106445	0.43280411
2.514106	70806.023	15.116211	0.43304646
2.5156751	70827.039	15.125977	0.43332279
2.5177493	70861.383	15.135742	0.43363053
2.5200202	70887.039	15.145508	0.43386266
2.5212586	70918.766	15.155273	0.43421522
2.5233328	70943.359	15.165039	0.4344109
2.5254159	70973.148	15.174805	0.43472838
2.5256395	70998.438	15.18457	0.43494266
2.5274277	71034.531	15.194336	0.43534771
2.5300338	71054.828	15.204102	0.43558303
2.5313392	71087.43	15.213867	0.43597358
2.5326312	71112.453	15.223633	0.4361515
2.5338292	71142.25	15.233398	0.43645206
2.5353358	71166.133	15.243164	0.43676382
2.5379152	71199.727	15.25293	0.4370887
2.5393188	71223.523	15.262695	0.43719089
2.5409684	71254.047	15.272461	0.43744734
2.5429175	71278.219	15.282227	0.43777189
2.5432751	71314.797	15.291992	0.43809593
2.5451436	71335.625	15.301758	0.43849185
2.547343	71365.359	15.311523	0.43880525
2.5489478	71395.391	15.321289	0.43900302
2.5497794	71426.664	15.331055	0.43932956
2.5519743	71451.297	15.34082	0.43953636
2.553329	71483.523	15.350586	0.439877
2.5548444	71507.211	15.360352	0.44017071
2.5566995	71542.539	15.370117	0.4404211
2.5587649	71564.898	15.379883	0.44074836
2.560307	71596.031	15.389648	0.44098991
2.5626228	71626.273	15.399414	0.44141814
2.5631056	71655.07	15.40918	0.4416149
2.565068	71685.375	15.418945	0.44190815
2.5662794	71718.086	15.428711	0.44212353
2.5675626	71743.656	15.438477	0.44239888
2.5698647	71778.992	15.448242	0.44277787
2.5704994	71804.32	15.458008	0.44308534
2.5720193	71835.563	15.467773	0.44328743
2.5746927	71867.602	15.477539	0.44359019
2.5761366	71900.742	15.487305	0.44395876
2.5773346	71926.594	15.49707	0.44420746
2.5792434	71963.664	15.506836	0.44457439
2.5815859	71990.641	15.516602	0.44481975
2.5830343	72028.789	15.526367	0.44508773
2.584219	72055.07	15.536133	0.4453941
2.5869818	72087.625	15.545898	0.4456794
2.5884569	72119.328	15.555664	0.44598266
2.5901153	72146.547	15.56543	0.44622147
2.5914028	72174.555	15.575195	0.44660157
2.592525	72210.414	15.584961	0.44689485
2.594322	72238.328	15.594727	0.44729555
2.5978713	72274.781	15.604492	0.44757938
2.5988727	72304.523	15.614258	0.44781607
2.5991187	72340.313	15.624023	0.44810763
2.6023016	72370.43	15.633789	0.44841021
2.6036649	72402.734	15.643555	0.44880366
2.6044383	72422.086	15.65332	0.44905955
2.6079252	72456.594	15.663086	0.44932532
2.6083767	72485.828	15.672852	0.44967872
2.6102633	72519.695	15.682617	0.44988894
2.6123955	72544.313	15.692383	0.45024782
2.6138439	72576.289	15.702148	0.45050859
2.6161864	72601.531	15.711914	0.45076296
2.6177332	72635.578	15.72168	0.45107457
2.6184082	72659.406	15.731445	0.45139489
2.6202588	72693.523	15.741211	0.45181429
2.6219397	72716.789	15.750977	0.45204002
2.6242509	72752.742	15.760742	0.45236546
2.6250064	72778.57	15.770508	0.45262265
2.6268392	72808.258	15.780273	0.45298085
2.628006	72835.992	15.790039	0.45316499
2.8969421	-10372.652	15.799805	0.26333007
2.7222009	7107.1255	15.80957	0.34515253
2.7362018	-6284.812	15.819336	-0.079220653
2.6577518	3140.145	15.829102	-0.33876181
2.6628971	-2472.0686	15.838867	-0.38533404
2.6409655	5444.9365	15.848633	-0.61095577
2.6995897	-5682.7236	15.858398	-0.93458158
2.6537685	2129.689	15.868164	-1.0653266
2.675499	-2916.095	15.87793	-1.0581461
2.653116	472.99115	15.887695	-1.0520613
2.6598752	-711.27142	15.897461	-1.0556717
2.6580021	1303.1423	15.907227	-1.0624601
2.6810021	-1856.3915	15.916992	-1.0548785
2.6654496	391.91531	15.926758	-1.0511898
2.6716278	-585.85895	15.936523	-1.0514992
2.6665852	235.59364	15.946289	-1.0614501
2.6681767	355.74997	15.956055	-1.0558933
2.6709259	743.97992	15.96582	-1.0550729
2.6767464	190.91927	15.975586	-1.0539303
2.675405	449.92926	15.985352	-1.0574785
2.6766346	604.14886	15.995117	-1.0626949
2.6771083	462.15567	16.004883	-1.0683528
2.6798263	656.06982	16.014648	-1.0674484
2.680917	490.81995	16.024414	-1.0652583
2.6829958	435.78409	16.03418	-1.0643301
2.6856332	205.52031	16.043945	-1.0629132
2.6851149	246.47382	16.053711	-1.0641164
2.688472	-24.519396	16.063477	-1.0743335
2.6889994	-66.301437	16.073242	-1.0726537
2.6903181	-191.71135	16.083008	-1.076845
2.6932015	-289.14679	16.092773	-1.0730196
2.6934028	-384.87872	16.102539	-1.0723935
2.6959598	-407.88297	16.112305	-1.0724273
2.6970818	-399.76511	16.12207	-1.0704051
2.6986375	-404.67419	16.131836	-1.0694582
2.7002647	-333.99194	16.141602	-1.0750777
2.7014315	-266.63953	16.151367	-1.0722252
2.7027547	-166.66238	16.161133	-1.0704285
2.7042656	-56.319984	16.170898	-1.0707852
2.7053475	59.097073	16.180664	-1.0729767
2.7068272	168.18906	16.19043	-1.0765154
2.7087853	262.27499	16.200195	-1.0683974
2.7109265	360.6373	16.209961	-1.0734254
2.7123749	433.12497	16.219727	-1.0766491
2.7139485	469.97156	16.229492	-1.0746861
2.714941	481.54532	16.239258	-1.0726907
2.7160182	460.63434	16.249023	-1.0746789
2.7174354	437.89658	16.258789	-1.0765487
2.7185261	351.61862	16.268555	-1.0741395
2.7213647	270.84174	16.27832	-1.0735657
2.7207792	161.40205	16.288086	-1.0775226
2.7240515	70.172478	16.297852	-1.0765494
2.7252092	-42.596947	16.307617	-1.073719
2.7267919	-141.82425	16.317383	-1.0732862
2.728209	-233.18781	16.327148	-1.074438
2.7313604	-286.16025	16.336914	-1.0743105
2.7310655	-330.37445	16.34668	-1.0736134
2.7336314	-340.18991	16.356445	-1.0756073
2.7360811	-326.1701	16.366211	-1.0773456
2.7367473	-283.90891	16.375977	-1.0762647
2.7381108	-228.6716	16.385742	-1.0741625
2.739948	-142.56337	16.395508	-1.0769953
2.7411327	-54.433125	16.405273	-1.0743651
2.7429209	46.980682	16.415039	-1.0743499
2.7440474	127.50435	16.424805	-1.0748039
2.746068	233.51109	16.43457	-1.0788882
2.7476952	296.16907	16.444336	-1.0759002
2.7475476	364.94122	16.454102	-1.0762336
2.7508557	396.36636	16.463867	-1.0751816
2.7515352	420.77002	16.473633	-1.0775954
2.7533009	411.56415	16.483398	-1.0772984
2.7543068	368.78174	16.493164	-1.0754123
2.7566984	318.5618	16.50293	-1.0772681
2.757436	244.89919	16.512695	-1.0772318
2.7596354	162.36095	16.522461	-1.0778612
2.7612	61.054714	16.532227	-1.0766369
2.7619734	-19.144152	16.541992	-1.079423
2.7650402	-106.05157	16.551758	-1.0783528
2.7651877	-178.659	16.561523	-1.0781711
2.7677045	-231.18115	16.571289	-1.0767773
2.7685716	-270.53918	16.581055	-1.0792216
2.7711689	-269.42264	16.59082	-1.0771809
2.7719512	-270.09659	16.600586	-1.0780909
2.774611	-236.13916	16.610352	-1.0768596
2.7757869	-181.03607	16.620117	-1.0789115
2.7776062	-117.48285	16.629883	-1.0785803
2.7790279	-45.632713	16.639648	-1.0766555
2.7802036	35.307369	16.649414	-1.0783861
2.7820005	119.46412	16.65918	-1.0785408
2.7833014	191.09575	16.668945	-1.080335
2.7855098	265.02484	16.678711	-1.0762501
2.7868822	306.03598	16.688477	-1.0798595
2.7877808	354.89594	16.698242	-1.07862
2.7892737	356.74463	16.708008	-1.0803286
2.7910261	354.95557	16.717773	-1.075992
2.7926133	317.34073	16.727539	-1.0799963
2.7940214	279.07489	16.737305	-1.0788596
2.7961583	210.81116	16.74707	-1.0796417
2.7980134	146.87469	16.756836	-1.0769024
2.7992024	60.73201	16.766602	-1.0799491
2.8015494	-5.0453238	16.776367	-1.0794857
2.8020368	-86.365387	16.786133	-1.0779732
2.8037577	-139.59676	16.795898	-1.0785003
2.8052733	-188.94626	16.805664	-1.0799172
2.8074815	-210.62489	16.81543	-1.0808691
2.8092651	-227.70197	16.825195	-1.0766119
2.8096809	-215.09488	16.834961	-1.0804861
2.8116837	-189.53078	16.844727	-1.0801607
2.8136909	-140.14961	16.854492	-1.0817471
2.8161361	-86.624634	16.864258	-1.0765753
2.8162212	-30.307798	16.874023	-1.0816163
2.8167531	48.906658	16.883789	-1.0797775
2.8192117	102.14653	16.893555	-1.0801836
2.820982	180.69637	16.90332	-1.0768653
2.8228059	227.81279	16.913086	-1.0809311
2.8236375	280.6478	16.922852	-1.0806777
2.8249428	297.6019	16.932617	-1.0781702
2.8273165	320.56647	16.942383	-1.079495
2.8286622	297.01392	16.952148	-1.0807214
2.8304682	287.39346	16.961914	-1.0818813
2.831903	230.64914	16.97168	-1.0768553
2.8324127	186.37674	16.981445	-1.0808319
2.8355732	120.98241	16.991211	-1.0804631
2.8370037	57.638737	17.000977	-1.0805225
2.8384924	-7.1729302	17.010742	-1.0778147
2.8389215	-63.285	17.020508	-1.0811019
2.8411343	-119.04491	17.030273	-1.0815319
2.8432534	-151.31372	17.040039	-1.0783342
2.844666	-184.38721	17.049805	-1.0801946
2.8458147	-180.75551	17.05957	-1.0809487
2.8481886	-177.76492	17.069336	-1.0818578
2.8501823	-150.0576	17.079102	-1.0791384
2.8504505	-115.30111	17.088867	-1.0812863
2.8534861	-62.246807	17.098633	-1.0811567
2.8542638	-12.029894	17.108398	-1.0810423
2.856271	54.863747	17.118164	-1.0794237
2.8567984	106.63213	17.12793	-1.0810027
2.8598652	165.74701	17.137695	-1.0814286
2.8615997	212.14224	17.147461	-1.0796614
2.8627977	245.29256	17.157227	-1.0800632
2.8644383	270.80557	17.166992	-1.0813949
2.8653457	273.50128	17.176758	-1.0811406
2.8675675	267.13031	17.186523	-1.0790291
2.8685331	240.69881	17.196289	-1.0807363
2.8718412	209.75223	17.206055	-1.0807749
2.8727441	159.0891	17.21582	-1.081475
2.874948	108.10571	17.225586	-1.0794128
2.875726	45.197784	17.235352	-1.0804677
2.8782516	-0.48906076	17.245117	-1.0805498
2.8796732	-57.587399	17.254883	-1.0804143
2.880764	-96.224014	17.264648	-1.0795486
2.8823197	-135.04294	17.274414	-1.0808638
2.884747	-143.81496	17.28418	-1.0812715
2.8848186	-158.60469	17.293945	-1.0804307
2.8869197	-136.27205	17.303711	-1.0800755
2.8891549	-126.23449	17.313477	-1.0813884
2.8897538	-81.783859	17.323242	-1.081759
2.8916895	-45.35215	17.333008	-1.0796672
2.8932273	9.9741154	17.342773	-1.0808227
2.8942018	58.155506	17.352539	-1.0811317
2.8959765	110.24915	17.362305	-1.0817349
2.8969467	152.56938	17.37207	-1.0792304
2.9002056	194.35399	17.381836	-1.0814531
2.9013143	226.19171	17.391602	-1.081304
2.9023826	240.32243	17.401367	-1.0806826
2.9039562	246.5623	17.411133	-1.079705
2.9065266	231.69536	17.420898	-1.0813731
2.9067369	215.35274	17.430664	-1.0810064
2.9089003	176.29646	17.44043	-1.0798997
2.9103086	135.53281	17.450195	-1.0802824
2.9127226	88.035011	17.459961	-1.0808972
2.9139116	43.05085	17.469727	-1.0816817
2.9158564	-9.1664257	17.479492	-1.0800776
2.9181094	-47.758686	17.489258	-1.0804567
2.9185965	-88.953415	17.499023	-1.080821
2.9202998	-106.78708	17.508789	-1.0812887
2.9215245	-128.87398	17.518555	-1.0797937
2.9229999	-124.60642	17.52832	-1.0809917
2.9252038	-119.1675	17.538086	-1.0809886
2.9267192	-90.794403	17.547852	-1.0813743
2.9277472	-61.747734	17.557617	-1.0798013
2.9293923	-17.097336	17.567383	-1.0815026
2.9310777	19.288738	17.577148	-1.081704
2.9327497	73.350616	17.586914	-1.0802087
2.9338315	106.64645	17.59668	-1.0801339
2.9350698	155.68663	17.606445	-1.081726
2.9367461	185.14937	17.616211	-1.0815345
2.9394686	206.85979	17.625977	-1.0798285
2.9409752	214.75798	17.635742	-1.0812389
2.9427185	220.85023	17.645508	-1.0811286
2.9434249	205.2019	17.655273	-1.081378
2.9453337	190.62125	17.665039	-1.0801781
2.9462636	152.18126	17.674805	-1.0809913
2.9487224	118.50288	17.68457	-1.080927
2.9511542	74.091019	17.694336	-1.0805984
2.9518559	29.856689	17.704102	-1.0802261
2.9536395	-10.960735	17.713867	-1.0809505
2.9551773	-43.374138	17.723633	-1.0814388
2.9571757	-79.059273	17.733398	-1.0810055
2.9587359	-91.260757	17.743164	-1.0802389
2.9595628	-104.01511	17.75293	-1.0812399
2.9614046	-104.06586	17.762695	-1.081756
2.9628932	-86.490181	17.772461	-1.0801522
2.964221	-72.108002	17.782227	-1.0810928
2.9660449	-35.979321	17.791992	-1.0812714
2.9676943	-3.5675476	17.801758	-1.0816059
2.9700055	35.057076	17.811523	-1.0802534
2.9721961	79.587456	17.821289	-1.0816572
2.9736891	110.12459	17.831055	-1.0813696
2.9746056	143.69107	17.84082	-1.0807469
2.9769659	174.28386	17.850586	-1.0802424
2.9775739	192.04268	17.860352	-1.0814431
2.9796615	202.40701	17.870117	-1.0812017
2.9812441	199.11665	17.879883	-1.080874
2.9825583	183.50233	17.889648	-1.0806482
2.9842615	164.14665	17.899414	-1.0810611
2.9870062	132.29007	17.90918	-1.081566
2.9870913	100.19762	17.918945	-1.0807612
2.990006	64.267197	17.928711	-1.0805155
2.9911771	23.486908	17.938477	-1.0809991
2.9939935	-10.424643	17.948242	-1.0814483
2.9948876	-41.077145	17.958008	-1.0803545
2.9955983	-69.081665	17.967773	-1.0809969
2.9974759	-78.096283	17.977539	-1.0812083
2.9985666	-88.920815	17.987305	-1.0814095
3.0012712	-82.146957	17.99707	-1.0803037
3.0029922	-70.574814	18.006836	-1.0814633
3.0041635	-43.723267	18.016602	-1.0814271
3.0045345	-23.457804	18.026367	-1.0805421
3.0076549	15.852157	18.036133	-1.0805511
3.0090451	44.971703	18.045898	-1.0814424
3.0121341	87.025108	18.055664	-1.0816303
3.0126617	111.8501	18.06543	-1.0805681
3.0135961	144.58701	18.075195	-1.081345
3.0161798	165.44002	18.084961	-1.081306
3.0166001	177.70624	18.094727	-1.0815545
3.0178382	180.55202	18.104492	-1.0806
3.0199261	179.59334	18.114258	-1.0810676
3.0216515	160.86142	18.124023	-1.0810721
3.0231581	143.92903	18.133789	-1.0812348
3.0246198	110.84753	18.143555	-1.0803627
3.0258358	82.874786	18.15332	-1.0811744
3.0287549	51.002369	18.163086	-1.0812891
3.0293584	17.310959	18.172852	-1.0810931
3.0305834	-16.079168	18.182617	-1.0804294
3.0333862	-37.095741	18.192383	-1.0812129
3.0341461	-60.410469	18.202148	-1.0816791
3.036417	-64.403519	18.211914	-1.080393
3.0384734	-75.712677	18.22168	-1.0807471
3.0396671	-65.073952	18.231445	-1.0813709
3.0406952	-51.307026	18.241211	-1.0815926
3.0428319	-28.535839	18.250977	-1.0804818
3.0448482	-2.4535694	18.260742	-1.0813987
3.0458002	30.295458	18.270508	-1.0814949
3.0470788	57.298805	18.280273	-1.0813864
3.0494392	92.208038	18.290039	-1.0805545
3.0509501	115.06583	18.299805	-1.08143
3.0529618	140.70689	18.30957	-1.0813992
3.0539722	155.15404	18.319336	-1.0809529
3.0562341	167.64749	18.329102	-1.0804912
3.0582457	159.19911	18.338867	-1.0815192
3.059587	162.98506	18.348633	-1.0815252
3.0610576	139.22586	18.358398	-1.0809222
3.0625329	125.85509	18.368164	-1.0807152
3.0636594	94.657417	18.37793	-1.0811828
3.0638649	63.415268	18.387695	-1.0816855
3.0643969	38.724506	18.397461	-1.0805399
3.064683	9.0774851	18.407227	-1.0809659
3.0649378	-16.521894	18.416992	-1.0811844
3.063561	-31.792328	18.426758	-1.0814427
3.0633955	-50.197823	18.436523	-1.080506
3.0633867	-55.531738	18.446289	-1.081201
3.0640259	-56.913937	18.456055	-1.0813502
3.0630827	-48.763233	18.46582	-1.0813254
3.0622289	-30.810129	18.475586	-1.0806499
3.0622334	-10.969699	18.485352	-1.081562
3.0611963	15.394529	18.495117	-1.0816309
3.0619562	43.359818	18.504883	-1.0808903
3.0622065	68.589111	18.514648	-1.0807015
3.0612364	95.32296	18.524414	-1.0815754
3.0606866	117.9782	18.53418	-1.0817224
3.0616031	134.13629	18.543945	-1.0809313
3.0614643	145.57887	18.553711	-1.0808793
3.0613616	153.73842	18.563477	-1.0813822
3.0614688	146.0428	18.573242	-1.0814899
3.0601501	143.18782	18.583008	-1.0808549
3.0614197	124.77918	18.592773	-1.0811441
3.060472	103.45119	18.602539	-1.0813046
3.0606105	83.264893	18.612305	-1.0813307
3.0616164	50.811913	18.62207	-1.0806932
3.0608609	28.411625	18.631836	-1.0811108
3.0608163	5.212729	18.641602	-1.081268
3.0606732	-16.767181	18.651367	-1.081287
3.0609503	-28.706854	18.661133	-1.0806837
3.0606554	-44.123734	18.670898	-1.0814061
3.0598953	-45.038876	18.680664	-1.0814707
3.0609102	-38.628002	18.69043	-1.0810922
3.0602841	-35.789795	18.700195	-1.0807494
3.0598283	-14.086952	18.709961	-1.081495
3.0598149	5.2354298	18.719727	-1.0815718
3.0600519	29.080431	18.729492	-1.0810035
3.0612497	56.397285	18.739258	-1.0807815
3.0608609	75.989632	18.749023	-1.0816199
3.060168	99.633591	18.758789	-1.0815763
3.0603065	122.25716	18.768555	-1.0810777
3.0598462	129.24068	18.77832	-1.0808457
3.0606375	139.01956	18.788086	-1.0814689
3.0610666	139.4879	18.797852	-1.0814958
3.0609236	134.72792	18.807617	-1.0811467
3.0608966	130.04698	18.817383	-1.0810577
3.06108	106.65925	18.827148	-1.0811051
3.0599222	89.24247	18.836914	-1.0811772
