MTS793|MPT|ENU|1|2|.|/|:|1|0|0|A

Data Acquisition						Time:	10.009766	s	2/4/2020 10:21:33 AM
Axial Displacement	Axial Force	Time	Axial Extensometer
mm	N	s	mm
-0.0013612211	256.54211	0.018554688	-0.0004166337
-0.00067725778	255.32103	0.028320313	-0.00040193772
-0.00054091215	257.57333	0.038085938	-0.00042827087
-0.00038221478	256.95819	0.047851563	-0.00042584943
-0.00025480986	261.42935	0.057617188	-0.00045354464
-0.00044927001	261.00757	0.067382813	-0.00044552944
-0.00093430281	268.67575	0.077148438	-0.00039697625
7.8231096e-05	267.32941	0.086914063	-0.0004053567
-0.00051409006	292.74704	0.096679688	-0.00036448182
0.0011645257	334.54877	0.10644531	-0.0001247241
0.0031225383	420.77411	0.11621094	9.0212416e-05
0.0034220517	520.58905	0.12597656	0.00036187776
0.0065200031	639.50031	0.13574219	0.0008037088
0.0089049339	761.73779	0.14550781	0.0011763794
0.011553615	882.45813	0.15527344	0.0016084213
0.012630969	997.0553	0.16503906	0.001884635
0.01418218	1111.4164	0.17480469	0.0022403786
0.016676635	1215.2775	0.18457031	0.0025726135
0.02015233	1328.7427	0.19433594	0.0028626672
0.020226091	1430.4966	0.20410156	0.0032009664
0.022722781	1535.4113	0.21386719	0.0035449518
0.024468452	1627.5747	0.22363281	0.0037500854
0.026670098	1719.9176	0.23339844	0.0040568844
0.027512759	1806.8865	0.24316406	0.0044130082
0.028366596	1899.2842	0.25292969	0.0046523032
0.030516833	1983.8524	0.26269531	0.0049555232
0.032363087	2078.1389	0.27246094	0.0051773647
0.033413619	2162.585	0.28222656	0.0054589361
0.035758317	2252.2063	0.29199219	0.0057698754
0.037957728	2335.4956	0.30175781	0.0059660547
0.038534403	2422.6047	0.31152344	0.0062925485
0.041232258	2503.7876	0.32128906	0.006621426
0.042394549	2586.0024	0.33105469	0.0067479732
0.044509023	2664.4297	0.34082031	0.0070299413
0.044732541	2750.9885	0.35058594	0.0072568939
0.047193468	2825.5317	0.36035156	0.0074662906
0.048467517	2911.957	0.37011719	0.0077984231
0.05017072	2989.2222	0.37988281	0.0080041606
0.052790344	3072.9839	0.38964844	0.0082595358
0.053192675	3145.5549	0.39941406	0.0084923496
0.054457784	3227.7375	0.40917969	0.0087529216
0.056413561	3302.467	0.41894531	0.0089889271
0.057041645	3380.4392	0.42871094	0.0092054801
0.059448928	3456.9922	0.43847656	0.0094863838
0.061547756	3536.0361	0.44824219	0.0098132007
0.062408298	3612.814	0.45800781	0.01001671
0.063626468	3694.3569	0.46777344	0.010242792
0.065676123	3766.9893	0.47753906	0.010492559
0.066532195	3854.3823	0.48730469	0.010734599
0.068315864	3918.146	0.49707031	0.010978684
0.068946183	4002.5891	0.50683594	0.011149947
0.071621686	4079.99	0.51660156	0.011396102
0.072922558	4165.7222	0.52636719	0.011719312
0.074516237	4240.085	0.53613281	0.011948107
0.075562298	4318.7314	0.54589844	0.012105672
0.077851117	4390.3989	0.55566406	0.012405439
0.079543144	4477.1001	0.56542969	0.012704059
0.080680847	4550.8599	0.57519531	0.012935834
0.081344694	4634.501	0.58496094	0.013215249
0.083273649	4707.9951	0.59472656	0.013447119
0.084983557	4792.1724	0.60449219	0.013683111
0.087482482	4867.7886	0.61425781	0.013964695
0.088117272	4951.229	0.62402344	0.014159445
0.090108812	5027.2075	0.63378906	0.014461912
0.091601908	5114.7603	0.64355469	0.014683419
0.092547387	5188.6685	0.65332031	0.014953441
0.094724447	5278.1353	0.66308594	0.015090955
0.096414238	5356.2378	0.67285156	0.015382687
0.09804368	5444.4736	0.68261719	0.015743887
0.099677593	5521.8608	0.69238281	0.015863102
0.10187477	5610.2832	0.70214844	0.016290141
0.10311306	5696.7949	0.71191406	0.016481468
0.10495707	5793.7344	0.72167969	0.016835386
0.10566115	5879.3408	0.73144531	0.017091863
0.10904074	5977.6572	0.74121094	0.017382173
0.1110211	6065.7891	0.75097656	0.017578173
0.11209846	6157.8599	0.76074219	0.017871726
0.11475831	6248.7876	0.77050781	0.018240156
0.11624023	6346.5342	0.78027344	0.018502561
0.11731982	6437.7554	0.79003906	0.018877702
0.12059435	6544.0552	0.79980469	0.019146457
0.12204051	6629.7153	0.80957031	0.019478021
0.12414157	6723.2881	0.81933594	0.019741736
0.12546927	6808.729	0.82910156	0.020035243
0.12735575	6900.6787	0.83886719	0.02024075
0.1288332	6994.5615	0.84863281	0.02058428
0.13169646	7083.8105	0.85839844	0.020782309
0.13351142	7162.3076	0.86816406	0.021171883
0.13561472	7247.6709	0.87792969	0.021293992
0.13727546	7321.1177	0.88769531	0.02165935
0.13881996	7402.1309	0.89746094	0.021852875
0.1400359	7476.4214	0.90722656	0.022150366
0.1412183	7554.4541	0.91699219	0.022339651
0.14224201	7633.9287	0.92675781	0.022566799
0.14370605	7710.2607	0.93652344	0.022805406
0.14653131	7785.4019	0.94628906	0.023069466
0.14651343	7859.7964	0.95605469	0.023440776
0.14905035	7936.3691	0.96582031	0.023615498
0.15038699	8012.1602	0.97558594	0.023774695
0.15169904	8093.3188	0.98535156	0.02406504
0.15416443	8176.3647	0.99511719	0.02428939
0.15463158	8251.5371	1.0048828	0.024537455
0.15647337	8330.2695	1.0146484	0.024752486
0.15876889	8404.5596	1.0244141	0.024988441
0.16025528	8483.3457	1.0341797	0.025213948
0.16233623	8560.6729	1.0439453	0.025507607
0.16417578	8639.625	1.0537109	0.025694804
0.16481057	8716.7764	1.0634766	0.025907459
0.16577169	8791.5986	1.0732422	0.026262015
0.16795993	8859.5166	1.0830078	0.026420519
0.1694195	8934.0371	1.0927734	0.026646625
0.17094389	9008.085	1.1025391	0.026994178
0.17342046	9087.8076	1.1123047	0.027210377
0.17437935	9159.4932	1.1220703	0.027442126
0.17643124	9235.1396	1.1318359	0.027585575
0.17742366	9309.2129	1.1416016	0.027902514
0.17770082	9384.9453	1.1513672	0.028079448
0.18056631	9460.4541	1.1611328	0.028341388
0.18173531	9540.7324	1.1708984	0.028595084
0.18353462	9613.8184	1.1806641	0.028914306
0.18613636	9693.2109	1.1904297	0.029121287
0.18730536	9769.3506	1.2001953	0.029351247
0.18899515	9849.1309	1.2099609	0.029672282
0.18918738	9925.8193	1.2197266	0.029838091
0.19213781	10002.895	1.2294922	0.030230459
0.19334257	10080.351	1.2392578	0.03044557
0.19607618	10162.888	1.2490234	0.030682446
0.19567832	10236.015	1.2587891	0.030940885
0.19799173	10317.569	1.2685547	0.031239765
0.20015314	10390.708	1.2783203	0.031421777
0.20163506	10471.743	1.2880859	0.031619187
0.2039507	10550.331	1.2978516	0.031888161
0.20460784	10631.065	1.3076172	0.032191891
0.20707548	10703.406	1.3173828	0.032367934
0.20795614	10788.514	1.3271484	0.032641936
0.21005496	10860.329	1.3369141	0.032939587
0.21256059	10940.188	1.3466797	0.033123046
0.21455884	11017.573	1.3564453	0.033421289
0.21456778	11100.55	1.3662109	0.033716846
0.21627098	11180.66	1.3759766	0.03397274
0.2179876	11257.688	1.3857422	0.034246691
0.22032559	11336.46	1.3955078	0.03446082
0.22186339	11418.878	1.4052734	0.034736954
0.22246689	11498.3	1.4150391	0.035001747
0.22551343	11579.042	1.4248047	0.035254229
0.22675171	11654.778	1.4345703	0.035511129
0.22820681	11732.24	1.4443359	0.035686836
0.23035482	11810.487	1.4541016	0.035919383
0.23213848	11884.439	1.4638672	0.036214363
0.23302585	11961.951	1.4736328	0.036488224
0.23518056	12046.618	1.4833984	0.036762699
0.236772	12116.376	1.4931641	0.037016347
0.23856908	12194.804	1.5029297	0.037309039
0.24039075	12264.727	1.5126953	0.037467111
0.24104789	12342.456	1.5224609	0.037755318
0.2423577	12423.334	1.5322266	0.038104355
0.24496168	12496.278	1.5419922	0.038338289
0.24543777	12571.31	1.5517578	0.038461499
0.24831891	12649.43	1.5615234	0.038786974
0.24985671	12722.45	1.5712891	0.039059825
0.25103241	12803.402	1.5810547	0.039243162
0.2534084	12879.198	1.5908203	0.039466962
0.25492385	12955.53	1.6005859	0.039805356
0.25628507	13030.417	1.6103516	0.040056359
0.25801063	13103.247	1.6201172	0.040300764
0.26002452	13183.072	1.6298828	0.04058006
0.26237369	13261.325	1.6396484	0.040802233
0.26392713	13336.653	1.6494141	0.041038126
0.26433393	13416.506	1.6591797	0.041367978
0.2666004	13492.537	1.6689453	0.04157782
0.26720837	13570.75	1.6787109	0.041784428
0.26928484	13651.617	1.6884766	0.04202218
0.27286112	13727.049	1.6982422	0.042388555
0.27319863	13805.49	1.7080078	0.042503323
0.27457774	13880.449	1.7177734	0.042711746
0.27812272	13955.106	1.7275391	0.043090258
0.27860999	14033.204	1.7373047	0.043317012
0.27972758	14115.939	1.7470703	0.043544561
0.28293505	14191.076	1.7568359	0.043929886
0.28293058	14273.644	1.7666016	0.044070568
0.28550997	14347.09	1.7763672	0.044534538
0.28814748	14424.252	1.7861328	0.044676282
0.28791726	14498.323	1.7958984	0.044842131
0.29097274	14571.566	1.8056641	0.045219421
0.29285476	14642.943	1.8154297	0.045382842
0.29362589	14720.072	1.8251953	0.04562908
0.29460043	14789.332	1.8349609	0.045924768
0.29649809	14866.876	1.8447266	0.04613303
0.29863268	14939.437	1.8544922	0.046433356
0.30078292	15014.687	1.8642578	0.046713494
0.30170828	15089.838	1.8740234	0.046897564
0.30296221	15163.853	1.8837891	0.047184307
0.3045246	15233.314	1.8935547	0.047404222
0.30594841	15309.196	1.9033203	0.047636021
0.30781925	15376.616	1.9130859	0.047837764
0.30917153	15455.019	1.9228516	0.048091527
0.3113687	15527.949	1.9326172	0.048479326
0.3136307	15603.696	1.9423828	0.04864629
0.3150031	15672.725	1.9521484	0.048923414
0.31572729	15746.827	1.9619141	0.049176849
0.31746626	15817.686	1.9716797	0.049382813
0.31841844	15896.586	1.9814453	0.049575862
0.32081455	15957.855	1.9912109	0.049900349
0.32233223	16037.067	2.0009766	0.050067101
0.32409802	16105.943	2.0107422	0.050345983
0.32596216	16180.45	2.0205078	0.05064775
0.32864213	16251.271	2.0302734	0.05080324
0.32841191	16322.328	2.0400391	0.051119413
0.33080131	16395.516	2.0498047	0.051358696
0.33267438	16468.352	2.0595703	0.051649071
0.33423901	16538.783	2.0693359	0.051901963
0.33563599	16611.012	2.0791016	0.052101944
0.33708662	16678.008	2.0888672	0.052358877
0.33836737	16743.959	2.0986328	0.052707575
0.34026504	16812.607	2.1083984	0.052834038
0.34146979	16882.488	2.1181641	0.053073224
0.34354851	16949.289	2.1279297	0.05331048
0.34525618	17019.381	2.1376953	0.05349084
0.34617037	17089.381	2.1474609	0.05380246
0.34722537	17163.277	2.1572266	0.054035112
0.34990758	17231.93	2.1669922	0.054251943
0.35023838	17303.557	2.1767578	0.054543532
0.35349056	17375.295	2.1865234	0.054824039
0.35441592	17447.367	2.1962891	0.055071093
0.35619959	17519.482	2.2060547	0.055242263
0.35736188	17592.148	2.2158203	0.05558883
0.35929754	17658.689	2.2255859	0.05574831
0.36109909	17732.738	2.2353516	0.056036104
0.36255419	17804.51	2.2451172	0.056264043
0.36468655	17877.695	2.2548828	0.056517702
0.36671609	17948.07	2.2646484	0.056735069
0.36704019	18022.217	2.2744141	0.057036158
0.36908984	18090.285	2.2841797	0.057258725
0.3707014	18164.91	2.2939453	0.057475328
0.37224367	18234.742	2.3037109	0.057701021
0.37423074	18313.297	2.3134766	0.058027394
0.3765285	18378.719	2.3232422	0.058286667
0.37700683	18452.709	2.3330078	0.058472384
0.37930235	18526.436	2.3427734	0.058820032
0.38010255	18602.506	2.3525391	0.058968402
0.38288757	18671.432	2.3623047	0.059262555
0.38449243	18752.676	2.3720703	0.059602339
0.38710535	18823.861	2.3818359	0.059801519
0.38759708	18903.838	2.3916016	0.060036279
0.38840398	18979.459	2.4013672	0.060383014
0.39096326	19056.578	2.4111328	0.060578398
0.39347336	19132.145	2.4208984	0.060836975
0.3955476	19211.313	2.4306641	0.06113239
0.39621592	19281.068	2.4404297	0.061406083
0.39950833	19358.189	2.4501953	0.061660577
0.40067732	19427.057	2.4599609	0.061937779
0.40113553	19502.918	2.4697266	0.062268022
0.40381998	19572.539	2.4794922	0.06248574
0.40552095	19643.422	2.4892578	0.062767044
0.40776953	19713.854	2.4990234	0.062984951
0.40935427	19782.285	2.5087891	0.063259497
0.40988177	19850.486	2.5185547	0.063506983
0.41140839	19924.434	2.5283203	0.063744187
0.41363016	19989.389	2.5380859	0.064055488
0.41502267	20065.002	2.5478516	0.064270347
0.41552782	20128.756	2.5576172	0.064514577
0.41747242	20205.613	2.5673828	0.064829305
0.42078719	20266.078	2.5771484	0.065115049
0.42232946	20338.58	2.5869141	0.065245293
0.42356774	20398.641	2.5966797	0.065524839
0.42482838	20469.609	2.6064453	0.065801717
0.42634383	20532.162	2.6162109	0.06601578
0.42848513	20599.992	2.6259766	0.06630411
0.4295446	20664.637	2.6357422	0.066565156
0.43150485	20731.537	2.6455078	0.066827379
0.43295547	20795.713	2.6552734	0.067067638
0.43347627	20860.311	2.6650391	0.067309164
0.43641329	20923.719	2.6748047	0.067469418
0.43775663	20992.172	2.6845703	0.067733698
0.43922067	21053.514	2.6943359	0.068022907
0.44083223	21120.439	2.7041016	0.068273209
0.44192299	21181.039	2.7138672	0.068523958
0.44500753	21248.133	2.7236328	0.068754122
0.4454568	21309.691	2.7333984	0.069038071
0.44650957	21372.822	2.7431641	0.069249041
0.44933707	21430.996	2.7529297	0.069379225
0.44944212	21499.313	2.7626953	0.0696982
0.45147166	21560.912	2.7724609	0.069983624
0.45238808	21628.361	2.7822266	0.070190236
0.45454949	21687.256	2.7919922	0.070373103
0.45578554	21756.307	2.8017578	0.070652172
0.45837834	21821.256	2.8115234	0.070911929
0.45952275	21887.355	2.8212891	0.07123699
0.46168193	21942.82	2.8310547	0.07147266
0.4626967	22011.504	2.8408203	0.071649313
0.46381652	22068.645	2.8505859	0.071965829
0.46554878	22137.902	2.8603516	0.072208375
0.46737716	22198.852	2.8701172	0.072388925
0.4690066	22261.727	2.8798828	0.072718285
0.46910271	22325.17	2.8896484	0.072939277
0.47237054	22391.934	2.8994141	0.073180825
0.47340319	22454.262	2.9091797	0.073471256
0.4752472	22523.592	2.9189453	0.073708788
0.47742203	22582.963	2.9287109	0.073898159
0.47940463	22650.277	2.9384766	0.074150585
0.48029646	22716.191	2.9482422	0.07449723
0.4813917	22782.732	2.9580078	0.074702695
0.48419237	22848.24	2.9677734	0.07497713
0.48511326	22919.6	2.9775391	0.075309433
0.486774	22979.986	2.9873047	0.075608917
0.4883185	23053.049	2.9970703	0.075801373
0.48972666	23116.273	3.0068359	0.076106749
0.49273521	23181.59	3.0166016	0.076375939
0.49415901	23250.563	3.0263672	0.076691389
0.494425	23321.414	3.0361328	0.07695584
0.4972592	23387.914	3.0458984	0.077177674
0.49909651	23457.691	3.0556641	0.077444963
0.50127804	23525.879	3.0654297	0.077699251
0.50244927	23605.85	3.0751953	0.078083552
0.50403404	23670.135	3.0849609	0.078306362
0.50595403	23729.723	3.0947266	0.078540936
0.5068928	23791.756	3.1044922	0.078807756
0.50984991	23869.074	3.1142578	0.079096891
0.51133859	23934.742	3.1240234	0.079391189
0.51395595	23994.777	3.1337891	0.079634599
0.51464665	24051.094	3.1435547	0.079906181
0.51631856	24131.229	3.1533203	0.080195799
0.5178988	24193.52	3.1630859	0.080443457
0.5192064	24247.008	3.1728516	0.080686495
0.52129626	24306.018	3.1826172	0.080993421
0.52304417	24381.063	3.1923828	0.081391066
0.52448583	24435.641	3.2021484	0.081590086
0.52547383	24494.4	3.2119141	0.081804305
0.52834153	24550.896	3.2216797	0.082116529
0.53055435	24621.568	3.2314453	0.082322724
0.53044927	24678.334	3.2412109	0.08259882
0.5327158	24733.154	3.2509766	0.082840122
0.5341351	24795.186	3.2607422	0.083153777
0.53644407	24863.594	3.2705078	0.083437249
0.53784102	24918.348	3.2802734	0.08369039
0.5386591	24973.146	3.2900391	0.083881244
0.54064167	25031.496	3.2998047	0.084325515
0.54248571	25100.383	3.3095703	0.084498174
0.54426044	25160.293	3.3193359	0.084773391
0.54553896	25217.281	3.3291016	0.084979691
0.5470857	25271.869	3.3388672	0.085312836
0.54923147	25337.336	3.3486328	0.085479364
0.55060387	25391.09	3.3583984	0.085746646
0.55227131	25453.209	3.3681641	0.085995525
0.55252612	25509.063	3.3779297	0.08637742
0.55547655	25576.355	3.3876953	0.086534321
0.55653155	25629.803	3.3974609	0.086802006
0.55903494	25691.41	3.4072266	0.087118179
0.56019276	25748.051	3.4169922	0.08734034
0.5621016	25811.855	3.4267578	0.087689131
0.56292415	25868.869	3.4365234	0.087966412
0.56462735	25923.703	3.4462891	0.088183001
0.5666703	25981.996	3.4560547	0.088476636
0.56871772	26042.57	3.4658203	0.088719524
0.56970567	26101.271	3.4755859	0.089033321
0.57079196	26155.373	3.4853516	0.089237764
0.57331771	26212.145	3.4951172	0.089446574
0.57446659	26268.252	3.5048828	0.089803852
0.57662129	26327.316	3.5146484	0.090049051
0.57726055	26381.75	3.5244141	0.090256058
0.57940185	26435.281	3.5341797	0.090595379
0.57984442	26491.414	3.5439453	0.090863392
0.58218241	26548.324	3.5537109	0.091103435
0.58371127	26602.518	3.5634766	0.091354355
0.58609396	26659.379	3.5732422	0.091653921
0.58691204	26712.416	3.5830078	0.09190131
0.58814585	26770.678	3.5927734	0.09224578
0.5916059	26826.373	3.6025391	0.092399411
0.59183389	26875.34	3.6123047	0.092725083
0.5943954	26931.584	3.6220703	0.092972733
0.59610754	26988.197	3.6318359	0.09320689
0.59655011	27039.953	3.6416016	0.093501985
0.59868693	27094.572	3.6513672	0.093796618
0.59999228	27150.84	3.6611328	0.094003476
0.6022051	27207.479	3.6708984	0.094334431
0.60294718	27265.34	3.6806641	0.094545804
0.60517341	27324.322	3.6904297	0.094872154
0.60667992	27383.303	3.7001953	0.095074654
0.60833395	27441.322	3.7099609	0.095479801
0.61035007	27498.01	3.7197266	0.095693752
0.61180741	27557.162	3.7294922	0.095859498
0.61343908	27614.754	3.7392578	0.09625686
0.61556697	27671.641	3.7490234	0.0966224
0.61720759	27732.301	3.7587891	0.096841753
0.61956793	27789.355	3.7685547	0.097234368
0.62059611	27844.518	3.7783203	0.097470351
0.62187463	27899.707	3.7880859	0.097714484
0.62358677	27956.346	3.7978516	0.098016746
0.62506646	28014.148	3.8076172	0.09834107
0.62681884	28066.324	3.8173828	0.098533265
0.62847286	28120.324	3.8271484	0.098875418
0.63122213	28175.154	3.8369141	0.099087588
0.63285828	28230.678	3.8466797	0.09944015
0.63420832	28283.688	3.8564453	0.099669002
0.63514709	28344.086	3.8662109	0.099850357
0.63691288	28396.959	3.8759766	0.10031418
0.63854456	28452.383	3.8857422	0.10060176
0.64109266	28507.494	3.8955078	0.10091241
0.64119995	28560.436	3.9052734	0.10119942
0.64416826	28614.006	3.9150391	0.10138363
0.64528584	28667.178	3.9248047	0.10167628
0.646846	28722.143	3.9345703	0.10209398
0.64812452	28778.514	3.9443359	0.10230861
0.65028369	28829.113	3.9541016	0.10259093
0.65104365	28884.494	3.9638672	0.10280735
0.6543383	28936.549	3.9736328	0.10309075
0.65517873	28988.311	3.9833984	0.10341036
0.65679699	29043.781	3.9931641	0.10374443
0.65882653	29093.75	4.0029297	0.10399456
0.66069067	29144.654	4.0126953	0.10434899
0.662072	29201.285	4.0224609	0.10462028
0.66229105	29247.34	4.0322266	0.10485555
0.6651029	29297.809	4.0419922	0.10516141
0.66722631	29345.916	4.0517578	0.10541082
0.66652447	29397.072	4.0615234	0.1057095
0.66977441	29450.033	4.0712891	0.10597542
0.67208558	29498.918	4.0810547	0.10628003
0.67330152	29545.379	4.0908203	0.10650247
0.67367256	29600.83	4.1005859	0.10679723
0.67531765	29644.984	4.1103516	0.1071002
0.67689568	29700.631	4.1201172	0.10733459
0.67907721	29746.105	4.1298828	0.1076389
0.68139732	29801.623	4.1396484	0.1080127
0.6835252	29846.918	4.1494141	0.10827398
0.68498701	29895.191	4.1591797	0.10853936
0.6867528	29941.004	4.1689453	0.10881902
0.68854094	29993.848	4.1787109	0.10900521
0.68985969	30042.984	4.1884766	0.10940361
0.69055259	30092.992	4.1982422	0.10966614
0.69202334	30139.227	4.2080078	0.10989559
0.69455802	30190.646	4.2177734	0.11024015
0.69522858	30239.002	4.2275391	0.1105381
0.69702119	30293.219	4.2373047	0.1107334
0.69779456	30342.227	4.2470703	0.11097207
0.70013702	30393.586	4.2568359	0.11130457
0.70235878	30436.08	4.2666016	0.11156972
0.70344955	30485.965	4.2763672	0.11179504
0.70578307	30528.775	4.2861328	0.11218233
0.70717335	30580.719	4.2958984	0.11238832
0.70862621	30624.732	4.3056641	0.1127239
0.70989579	30673.977	4.3154297	0.11297301
0.71138442	30719.42	4.3251953	0.11333111
0.71373135	30773.477	4.3349609	0.11360431
0.7152468	30819.342	4.3447266	0.11387397
0.71573853	30870.984	4.3544922	0.11407356
0.71805418	30917.172	4.3642578	0.11445129
0.71982443	30965.445	4.3740234	0.11469109
0.72029382	31013.348	4.3837891	0.1149881
0.72262287	31064.283	4.3935547	0.11532918
0.72492957	31110.969	4.4033203	0.11556103
0.72643161	31163.771	4.4130859	0.11585484
0.72692782	31210.477	4.4228516	0.11612733
0.72910935	31264.34	4.4326172	0.11649656
0.73063821	31309.014	4.4423828	0.11675502
0.73224306	31361.365	4.4521484	0.11703841
0.73395073	31409.145	4.4619141	0.11735583
0.73601604	31463.098	4.4716797	0.11771786
0.73822886	31507.463	4.4814453	0.11793511
0.73819309	31563.703	4.4912109	0.11828022
0.74041486	31603.754	4.5009766	0.11847939
0.74246675	31659.275	4.5107422	0.11879219
0.74300766	31705.842	4.5205078	0.1191486
0.74651241	31756.174	4.5302734	0.11941234
0.74742436	31797.469	4.5400391	0.1196954
0.74885935	31853.297	4.5498047	0.11996903
0.75094253	31897.463	4.5595703	0.12029565
0.75217634	31946.701	4.5693359	0.12055626
0.754264	31991.672	4.5791016	0.12083534
0.75553805	32040.176	4.5888672	0.1211578
0.75786263	32087.766	4.5986328	0.12140028
0.75881034	32136.01	4.6083984	0.12170123
0.7605046	32182.98	4.6181641	0.12200352
0.76091141	32233.771	4.6279297	0.12234866
0.76311082	32279.877	4.6376953	0.12258657
0.766249	32332.084	4.6474609	0.12283023
0.76852441	32376.301	4.6572266	0.1232677
0.76821595	32430.992	4.6669922	0.12350787
0.77059865	32475.109	4.6767578	0.12381155
0.77127367	32526.543	4.6865234	0.1241833
0.77347308	32569.721	4.6962891	0.12439139
0.77654421	32622.604	4.7060547	0.12482959
0.77778697	32664.848	4.7158203	0.12503994
0.77869892	32713.6	4.7255859	0.12536038
0.78063905	32755.664	4.7353516	0.12562726
0.78135878	32806.266	4.7451172	0.12592004
0.78438073	32849.758	4.7548828	0.12619407
0.78485012	32894.957	4.7646484	0.12643954
0.78779161	32935.582	4.7744141	0.1267952
0.78836828	32981.242	4.7841797	0.12698874
0.79033077	33021.59	4.7939453	0.12729417
0.79092532	33067.742	4.8037109	0.12755626
0.79381764	33107.254	4.8134766	0.12784742
0.79395622	33155.238	4.8232422	0.12813447
0.79671443	33198.324	4.8330078	0.12845142
0.79819411	33246.242	4.8427734	0.12880892
0.80037117	33285.73	4.8525391	0.12907912
0.80174804	33333.781	4.8623047	0.12927784
0.8025974	33375.074	4.8720703	0.12963875
0.8032769	33423.094	4.8818359	0.12985194
0.80554783	33467.145	4.8916016	0.13026655
0.80753714	33517.41	4.9013672	0.13057771
0.80999136	33556.641	4.9111328	0.13075826
0.81082731	33602.879	4.9208984	0.13106047
0.81222206	33648.355	4.9306641	0.13136999
0.81337988	33696.234	4.9404297	0.13169435
0.81616938	33737.684	4.9501953	0.13191503
0.81847161	33791.66	4.9599609	0.13218434
0.81846267	33833.551	4.9697266	0.13264364
0.82149357	33882.703	4.9794922	0.13288228
0.82265586	33930.445	4.9892578	0.13322595
0.82426518	33977.188	4.9990234	0.13338253
0.82567781	34020.895	5.0087891	0.13371998
0.827609	34074.875	5.0185547	0.13408093
0.82932115	34114.277	5.0283203	0.13443516
0.83066672	34165.332	5.0380859	0.13466029
0.83271414	34202.352	5.0478516	0.13492486
0.83391666	34256.668	5.0576172	0.13523491
0.8350879	34298.098	5.0673828	0.13558944
0.8374393	34348.273	5.0771484	0.13591062
0.8392185	34390.309	5.0869141	0.13623901
0.84065795	34443.234	5.0966797	0.13641092
0.84208846	34483.824	5.1064453	0.13685091
0.84394813	34534.715	5.1162109	0.13704713
0.84619671	34572.949	5.1259766	0.13742819
0.84815919	34620.777	5.1357422	0.13768893
0.84938854	34663.93	5.1455078	0.13797961
0.85028261	34707.914	5.1552734	0.13828449
0.8526206	34754.438	5.1650391	0.1386482
0.8542031	34802.461	5.1748047	0.13894783
0.85579008	34841.637	5.1845703	0.13921055
0.85724741	34889.301	5.1943359	0.13949113
0.85949153	34929.371	5.2041016	0.13980742
0.8606717	34976.563	5.2138672	0.14015801
0.86269677	35016.723	5.2236328	0.140439
0.86424798	35066.813	5.2333984	0.14072779
0.86558461	35102.891	5.2431641	0.14095755
0.86708665	35149.656	5.2529297	0.14127874
0.86853057	35185.668	5.2626953	0.14155988
0.87005496	35234.395	5.2724609	0.14186509
0.87194592	35275.352	5.2822266	0.14210513
0.87329596	35319.035	5.2919922	0.14242961
0.87548196	35363.195	5.3017578	0.14267862
0.87658167	35406.945	5.3115234	0.14301793
0.87838322	35447.652	5.3212891	0.14337575
0.87930858	35493.676	5.3310547	0.14361486
0.88212937	35534.391	5.3408203	0.14391647
0.88255405	35581.992	5.3505859	0.14420767
0.88458359	35621.828	5.3603516	0.14450078
0.8847177	35667.133	5.3701172	0.14483431
0.88765472	35709.32	5.3798828	0.14513049
0.88947415	35751.863	5.3896484	0.14536846
0.89167356	35791.324	5.3994141	0.1456628
0.89320242	35836.227	5.4091797	0.14597856
0.89523196	35874.789	5.4189453	0.14627129
0.89542866	35919.668	5.4287109	0.14651763
0.89868754	35963.363	5.4384766	0.1469159
0.8999303	36009.711	5.4482422	0.14718056
0.90108812	36052.109	5.4580078	0.14749935
0.90239793	36100.836	5.4677734	0.14779386
0.90488791	36142.734	5.4775391	0.14808452
0.90682358	36189.066	5.4873047	0.14838657
0.9071365	36232.273	5.4970703	0.14867237
0.90869665	36277.973	5.5068359	0.14895822
0.91129392	36319.07	5.5166016	0.14929743
0.91347098	36364.348	5.5263672	0.14957498
0.91416836	36407.746	5.5361328	0.14985397
0.91647953	36458.883	5.5458984	0.15017316
0.91719478	36499.43	5.5556641	0.15047961
0.91855377	36548.578	5.5654297	0.15081087
0.92078	36586.695	5.5751953	0.15106279
0.92314035	36634.18	5.5849609	0.15149014
0.92334598	36676.453	5.5947266	0.15179387
0.92639476	36716.137	5.6044922	0.15188329
0.92754364	36761.75	5.6142578	0.15229407
0.93096346	36806.672	5.6240234	0.15249026
0.93037784	36850.41	5.6337891	0.15282142
0.93306005	36895.453	5.6435547	0.15312999
0.93417764	36935.973	5.6533203	0.15354034
0.93670785	36983.656	5.6630859	0.15379691
0.93698502	37021.371	5.6728516	0.15409365
0.9391129	37068.219	5.6826172	0.15443163
0.93972534	37110.063	5.6923828	0.15470532
0.94240308	37152.047	5.7021484	0.15495159
0.94377995	37195.402	5.7119141	0.15534623
0.94594806	37239.387	5.7216797	0.15549919
0.94650239	37276.891	5.7314453	0.15591803
0.94966292	37321.742	5.7412109	0.15615077
0.95065981	37364.574	5.7509766	0.15657713
0.95262676	37404.965	5.7607422	0.15675552
0.95324814	37448.32	5.7705078	0.15711235
0.95622092	37490.504	5.7802734	0.15740298
0.95643997	37531.578	5.7900391	0.15770622
0.95823705	37573.391	5.7998047	0.15790348
0.96091032	37616.234	5.8095703	0.15819579
0.96210837	37657.992	5.8193359	0.15862131
0.96379369	37698.773	5.8291016	0.15884091
0.96519291	37736.574	5.8388672	0.15921752
0.96821487	37778.813	5.8486328	0.15947944
0.96861273	37817.457	5.8583984	0.15973768
0.97094625	37860.434	5.8681641	0.15997329
0.97226501	37898.289	5.8779297	0.16030532
0.97364634	37938.207	5.8876953	0.1605638
0.97511709	37982.867	5.8974609	0.16094333
0.97735226	38020.508	5.9072266	0.16113134
0.9777233	38059.516	5.9169922	0.16151635
0.98026246	38099.723	5.9267578	0.16171676
0.98079443	38137.598	5.9365234	0.16200472
0.98270327	38177.328	5.9462891	0.16228591
0.98392367	38219.809	5.9560547	0.16262773
0.98533183	38256.512	5.9658203	0.16291621
0.98706633	38295.758	5.9755859	0.16322081
0.98883212	38337.477	5.9853516	0.16349624
0.99100471	38381.438	5.9951172	0.16377342
0.99223852	38419.785	6.0048828	0.16401634
0.99415183	38461.398	6.0146484	0.16440837
0.99522024	38501.973	6.0244141	0.16462269
0.9971112	38545.262	6.0341797	0.16495135
0.99907815	38583.539	6.0439453	0.16526103
1.0006919	38625.914	6.0537109	0.16552296
1.0023773	38671.855	6.0634766	0.16579697
1.0033965	38708.742	6.0732422	0.1661626
1.0044783	38751.652	6.0830078	0.16642329
1.0071248	38790.949	6.0927734	0.16669178
1.0091096	38831.047	6.1025391	0.16707639
1.0106697	38873.02	6.1123047	0.16720773
1.0117203	38915.813	6.1220703	0.16755007
1.0127888	38953.25	6.1318359	0.1678554
1.0148273	38999.227	6.1416016	0.16816388
1.0160118	39045.117	6.1513672	0.16837239
1.0177106	39087.781	6.1611328	0.16881146
1.0199368	39127.457	6.1708984	0.1690495
1.0217249	39175.125	6.1806641	0.16942739
1.0237858	39218.5	6.1904297	0.16962937
1.0242507	39261.395	6.2001953	0.17001766
1.0261863	39306.332	6.2099609	0.17026801
1.0278716	39351.031	6.2197266	0.17054796
1.0295033	39392.223	6.2294922	0.1708784
1.0323107	39438.691	6.2392578	0.17127563
1.0344162	39480.316	6.2490234	0.17149308
1.0352745	39524.09	6.2587891	0.17180096
1.0363386	39563.738	6.2685547	0.17217727
1.0373712	39609.215	6.2783203	0.17241336
1.0395348	39648.43	6.2880859	0.17262746
1.0422394	39693.535	6.2978516	0.17303002
1.0429547	39737.113	6.3076172	0.17338708
1.0451585	39782.563	6.3173828	0.17367242
1.0466158	39818.645	6.3271484	0.17393138
1.0469511	39863.199	6.3369141	0.17430565
1.0494902	39905.242	6.3466797	0.17458072
1.0525793	39946.574	6.3564453	0.17491569
1.0527537	39986.602	6.3662109	0.17510852
1.0543138	40029.68	6.3759766	0.17539494
1.0562181	40068.039	6.3857422	0.17575239
1.0577335	40108.621	6.3955078	0.17601736
1.0591596	40149.367	6.4052734	0.17638081
1.0619134	40191.828	6.4150391	0.17662202
1.0626912	40229.082	6.4248047	0.17687516
1.0652795	40267.941	6.4345703	0.17727701
1.0660887	40307.965	6.4443359	0.17746899
1.0679483	40352.234	6.4541016	0.17772847
1.0693207	40383.375	6.4638672	0.1781165
1.0698841	40429.785	6.4736328	0.17838764
1.071985	40463.566	6.4833984	0.17857346
1.0747254	40502.848	6.4931641	0.1789144
1.0765002	40540.766	6.5029297	0.1791984
1.0773227	40580.871	6.5126953	0.17944868
1.0788739	40617.871	6.5224609	0.17973284
1.0798752	40660.613	6.5322266	0.18009101
1.0822803	40692.398	6.5419922	0.18040285
1.0836214	40735.27	6.5517578	0.18068914
1.0852888	40775.371	6.5615234	0.18092111
1.0868669	40814.973	6.5712891	0.1813231
1.0883913	40854.164	6.5810547	0.18151686
1.0886953	40892.906	6.5908203	0.18185453
1.0909929	40926.902	6.6005859	0.18214273
1.0929465	40972.988	6.6103516	0.18246855
1.0948195	41008.703	6.6201172	0.18262926
1.0962412	41047.535	6.6298828	0.18285039
1.0981991	41088.672	6.6396484	0.18330604
1.0985702	41126.625	6.6494141	0.18355398
1.100868	41162.418	6.6591797	0.18387772
1.1025264	41204.77	6.6689453	0.18412381
1.103434	41240.863	6.6787109	0.18444249
1.1057184	41283.973	6.6884766	0.18472691
1.1068449	41321.199	6.6982422	0.1849141
1.1095583	41361.285	6.7080078	0.18530597
1.1103898	41397.684	6.7177734	0.18562627
1.1116952	41437.523	6.7275391	0.18585509
1.1148021	41474.609	6.7373047	0.18613715
1.1156738	41518.262	6.7470703	0.18644026
1.1166573	41553.965	6.7568359	0.18668295
1.117842	41596.762	6.7666016	0.18699314
1.1199877	41631.328	6.7763672	0.18725498
1.1219859	41676.742	6.7861328	0.18765298
1.1230409	41716.254	6.7958984	0.18793991
1.1256784	41762.707	6.8056641	0.1882844
1.1276319	41800.566	6.8154297	0.1885522
1.1289507	41847.184	6.8251953	0.18883978
1.130332	41885.273	6.8349609	0.18917824
1.1312664	41934.953	6.8447266	0.18936227
1.1334747	41970.797	6.8544922	0.18973012
1.1355311	42020.984	6.8642578	0.18995285
1.1364117	42060.051	6.8740234	0.19024858
1.1392548	42103.359	6.8837891	0.19061503
1.14052	42144.91	6.8935547	0.19087319
1.1419415	42187.109	6.9033203	0.19116704
1.1438503	42226.223	6.9130859	0.19158258
1.1459782	42272.941	6.9228516	0.19186619
1.1471763	42310.34	6.9326172	0.19212797
1.1483252	42355.234	6.9423828	0.19243523
1.1504397	42394.672	6.9521484	0.19271511
1.1542127	42440.281	6.9619141	0.19302961
1.1534482	42473.117	6.9716797	0.19336572
1.1554956	42521.578	6.9814453	0.19358782
1.1577353	42557.453	6.9912109	0.19385995
1.1585176	42602.453	7.0009766	0.19426066
1.159966	42636.953	7.0107422	0.19447729
1.1620671	42681.953	7.0205078	0.19479367
1.1631534	42720.234	7.0302734	0.19505824
1.1652634	42759.332	7.0400391	0.1953496
1.1667385	42803.484	7.0498047	0.19576344
1.1679322	42842.539	7.0595703	0.1959119
1.1699259	42878.574	7.0693359	0.19619159
1.1715398	42921.188	7.0791016	0.19665232
1.1747092	42960.051	7.0888672	0.19689992
1.1748075	43003.055	7.0986328	0.19719569
1.176399	43040.254	7.1083984	0.19740805
1.1778519	43079.316	7.1181641	0.19785413
1.1795282	43115.301	7.1279297	0.19802807
1.1810839	43159.473	7.1376953	0.19832566
1.1839449	43194.164	7.1474609	0.19861098
1.1839181	43238.859	7.1572266	0.1988906
1.1870652	43275.691	7.1669922	0.19920991
1.1884556	43318.973	7.1767578	0.19951144
1.1905923	43354.367	7.1865234	0.19981535
1.1911154	43396.094	7.1962891	0.20008278
1.1930869	43436.438	7.2060547	0.2003849
1.1940882	43476.617	7.2158203	0.20065023
1.1956081	43511.148	7.2255859	0.20097832
1.1980131	43554.84	7.2353516	0.2012288
1.1997924	43589.586	7.2451172	0.20162551
1.20188	43635.324	7.2548828	0.20193172
1.2022152	43672.398	7.2646484	0.20217675
1.2049824	43716.094	7.2744141	0.20242074
1.2062118	43757.434	7.2841797	0.20274727
1.2087777	43803.957	7.2939453	0.20307231
1.2102618	43838.918	7.3037109	0.20342219
1.2113392	43884.969	7.3134766	0.20361093
1.2137085	43922.434	7.3232422	0.20393319
1.2147143	43967.48	7.3330078	0.20427324
1.2159973	44004.531	7.3427734	0.20457856
1.2188226	44046.816	7.3525391	0.20490393
1.2191623	44083.863	7.3623047	0.20522851
1.2213216	44128.516	7.3720703	0.20557109
1.2232572	44165.793	7.3818359	0.20579964
1.2245268	44210.609	7.3916016	0.20612057
1.2273207	44246.074	7.4013672	0.20645441
1.2278841	44287.281	7.4111328	0.20671029
1.2290329	44326.359	7.4208984	0.20701137
1.2321889	44365.645	7.4306641	0.20721512
1.2337849	44404.727	7.4404297	0.20760967
1.2348845	44443.898	7.4501953	0.20787346
1.2362123	44480.672	7.4599609	0.20818114
1.2380987	44523.32	7.4697266	0.20842938
1.2401551	44559.547	7.4794922	0.20869082
1.2414694	44603.723	7.4892578	0.20908837
1.2421042	44638.84	7.4990234	0.20933335
1.2450635	44680.59	7.5087891	0.20966737
1.2463778	44714.395	7.5185547	0.20994401
1.2476921	44756.203	7.5283203	0.21019346
1.2494534	44786.512	7.5380859	0.21049483
1.2512102	44831.41	7.5478516	0.21075289
1.2518317	44862.543	7.5576172	0.21107946
1.2535796	44899.57	7.5673828	0.21133921
1.254885	44932.379	7.5771484	0.21153523
1.2571335	44972.121	7.5869141	0.21191077
1.2586892	45006.883	7.5966797	0.21224523
1.2602673	45045.719	7.6064453	0.21242568
1.2619078	45078.66	7.6162109	0.21277003
1.2641654	45120.176	7.6259766	0.21301281
1.2657657	45150.434	7.6357422	0.21328162
1.2664318	45191.207	7.6455078	0.21361825
1.2683942	45223.492	7.6552734	0.21384241
1.2692928	45265.18	7.6650391	0.21409886
1.2710363	45301.07	7.6748047	0.21437283
1.2732849	45339.699	7.6845703	0.21467593
1.2743711	45370.523	7.6943359	0.21492761
1.2756139	45410.82	7.7041016	0.21524276
1.2777016	45448.629	7.7138672	0.21549451
1.2789398	45486.898	7.7236328	0.21573281
1.2806654	45523.527	7.7333984	0.21610789
1.2818098	45561.414	7.7431641	0.21637921
1.2836204	45596.465	7.7529297	0.21661295
1.2849033	45635.359	7.7626953	0.21695913
1.2871742	45671.32	7.7724609	0.21711032
1.2881889	45710.598	7.7822266	0.21748392
1.2911394	45742.039	7.7919922	0.21786496
1.2914255	45781.82	7.8017578	0.21807669
1.2925878	45818.941	7.8115234	0.21830396
1.2957439	45857.434	7.8212891	0.21866979
1.2972504	45892.336	7.8310547	0.21888453
1.2984127	45933.262	7.8408203	0.2191817
1.3000757	45968.496	7.8505859	0.21942922
1.3018459	46006.199	7.8603516	0.21964531
1.3021097	46041.938	7.8701172	0.21992356
1.3046086	46080.691	7.8798828	0.22032148
1.3069286	46120.344	7.8896484	0.22056635
1.3075501	46157.742	7.8994141	0.22087063
1.3096064	46194.465	7.9091797	0.221056
1.3110369	46235.82	7.9189453	0.22138524
1.3123155	46275.703	7.9287109	0.22163707
1.3141975	46313.559	7.9384766	0.22190917
1.3158381	46352.945	7.9482422	0.22227773
1.3176932	46401.918	7.9580078	0.22261937
1.3184488	46441.32	7.9677734	0.22291617
1.3206482	46482.891	7.9775391	0.22321109
1.3229325	46523.992	7.9873047	0.22347371
1.3235137	46564.324	7.9970703	0.22377408
1.3252348	46603.445	8.0068359	0.22411004
1.3273046	46647.887	8.0166016	0.22435589
1.328896	46688.719	8.0263672	0.22475955
1.3307736	46729.543	8.0361328	0.22494799
1.332499	46774.984	8.0458984	0.22531524
1.3341308	46819.895	8.0556641	0.22558707
1.3360977	46858.547	8.0654297	0.22581175
1.3384089	46902.25	8.0751953	0.22619712
1.3400629	46938.586	8.0849609	0.22643341
1.3411806	46982.891	8.0947266	0.22681978
1.3430804	47027.336	8.1044922	0.22709297
1.345861	47066.551	8.1142578	0.22740987
1.3452218	47107.859	8.1240234	0.22765565
1.3482034	47149.039	8.1337891	0.22803615
1.3498843	47186.57	8.1435547	0.22826108
1.3507738	47230.293	8.1533203	0.22855912
1.3519943	47266.699	8.1630859	0.22889306
1.3534874	47306.473	8.1728516	0.22920176
1.3566122	47347.121	8.1826172	0.22949515
1.3579354	47386.891	8.1923828	0.22977625
1.3608589	47425.41	8.2021484	0.23004287
1.3611585	47463.676	8.2119141	0.23032495
1.3635232	47500.305	8.2216797	0.2306425
1.3651416	47539.527	8.2314453	0.23085707
1.3665543	47575.473	8.2412109	0.23113878
1.3676405	47612.246	8.2509766	0.23146696
1.3692141	47648.055	8.2607422	0.23183811
1.3724909	47686.656	8.2705078	0.23207527
1.3727858	47729.828	8.2802734	0.23236819
1.3748691	47761.809	8.2900391	0.23270671
1.3757676	47800.008	8.2998047	0.23294757
1.3785079	47836.516	8.3095703	0.2331913
1.3800234	47875.727	8.3193359	0.23351187
1.3805866	47913.129	8.3291016	0.23382621
1.3825581	47950.547	8.3388672	0.23417109
1.3836489	47986.977	8.3486328	0.23439656
1.3860583	48022.918	8.3583984	0.23480201
1.3873994	48065.227	8.3681641	0.23508805
1.3884141	48095.883	8.3779297	0.23539186
1.3902783	48135.113	8.3876953	0.23565377
1.3922721	48172.805	8.3974609	0.23594646
1.3946861	48208.566	8.4072266	0.23617955
1.3962195	48250.008	8.4169922	0.23647588
1.3975694	48281.977	8.4267578	0.23673403
1.3991072	48319.016	8.4365234	0.2369861
1.4000549	48357.383	8.4462891	0.23727347
1.4014989	48393.402	8.4560547	0.23759875
1.4024466	48428.59	8.4658203	0.23782443
1.4055312	48463.195	8.4755859	0.23815992
1.4070332	48501.746	8.4853516	0.23838384
1.4088259	48539.957	8.4951172	0.23870175
1.4095232	48571.07	8.5048828	0.23901281
1.4114678	48606.07	8.5146484	0.2392133
1.4138281	48642.711	8.5244141	0.23949379
1.4144673	48676.371	8.5341797	0.23982848
1.4157057	48711.906	8.5439453	0.24011049
1.417829	48746.16	8.5537109	0.24043491
1.4195234	48785.051	8.5634766	0.2406527
1.4215217	48820.531	8.5732422	0.24095647
1.4231801	48852.375	8.5830078	0.24119352
1.4236138	48893.137	8.5927734	0.24147744
1.4259741	48922.801	8.6025391	0.24179074
1.4268146	48964.367	8.6123047	0.24201849
1.4284909	48998.934	8.6220703	0.24226503
1.4302522	49036.363	8.6318359	0.24257658
1.4312937	49078.641	8.6416016	0.2428721
1.4343649	49114.645	8.6513672	0.24319939
1.4355183	49153.5	8.6611328	0.24349087
1.4371455	49196.902	8.6708984	0.24384522
1.4385893	49229.695	8.6806641	0.24401966
1.4408112	49273.254	8.6904297	0.24434003
1.4424696	49311.137	8.7001953	0.24469885
1.4442577	49348.859	8.7099609	0.24494381
1.4446781	49385.84	8.7197266	0.24520899
1.4463633	49430.152	8.7294922	0.24545033
1.4484868	49467.563	8.7392578	0.24573459
1.4490724	49504.949	8.7490234	0.246113
1.4518708	49546.844	8.7587891	0.24632497
1.4532611	49587	8.7685547	0.24669015
1.455827	49621.352	8.7783203	0.24692193
1.4565601	49659.75	8.7880859	0.24722862
1.4588624	49697.848	8.7978516	0.24757448
1.4605343	49739.293	8.8076172	0.24780725
1.4611826	49772.848	8.8173828	0.24806643
1.4640346	49815.297	8.8271484	0.24837089
1.4659657	49852.809	8.8369141	0.24863885
1.467432	49890.895	8.8466797	0.24903791
1.4679372	49929.875	8.8564453	0.24922618
1.4695778	49969.758	8.8662109	0.24953045
1.4711916	50008.254	8.8759766	0.24991225
1.4737844	50051.254	8.8857422	0.25012365
1.4745488	50081.484	8.8955078	0.25042483
1.4769405	50123.531	8.9052734	0.25065681
1.4781787	50163.496	8.9150391	0.25104478
1.479578	50200.008	8.9248047	0.25133842
1.4815986	50229.074	8.9345703	0.25166267
1.4830112	50269.016	8.9443359	0.25194117
1.4848083	50304.016	8.9541016	0.25224343
1.4862969	50347.422	8.9638672	0.25244302
1.4875219	50377.008	8.9736328	0.25271678
1.4898688	50415.973	8.9833984	0.25297567
1.4912277	50451.953	8.9931641	0.25329366
1.4933691	50494.609	9.0029297	0.25359926
1.4948398	50529.813	9.0126953	0.25396118
1.4965072	50560.168	9.0224609	0.2542662
1.4984339	50597.363	9.0322266	0.25442687
1.4994174	50640.324	9.0419922	0.25475749
1.5007854	50675.82	9.0517578	0.25506917
1.5024259	50719.238	9.0615234	0.25534719
1.5035257	50753.832	9.0712891	0.25560075
1.5057296	50794.852	9.0810547	0.25594175
1.5079468	50830.156	9.0908203	0.25628251
1.5096813	50869.824	9.1005859	0.25649345
1.511322	50902.516	9.1103516	0.25681561
1.5125871	50943.809	9.1201172	0.25709304
1.5148044	50977.215	9.1298828	0.25744015
1.5164495	51018.914	9.1396484	0.25766289
1.5170038	51049.773	9.1494141	0.25797927
1.5196502	51085.574	9.1591797	0.25827268
1.5212059	51118.969	9.1689453	0.258508
1.5225425	51157.313	9.1787109	0.25884604
1.5239239	51192.215	9.1884766	0.25912616
1.5248313	51234.668	9.1982422	0.25937733
1.5268788	51264.461	9.2080078	0.25968805
1.5290916	51305.887	9.2177734	0.25999221
1.5305803	51342.234	9.2275391	0.26024169
1.5306473	51380.828	9.2373047	0.260539
1.5340805	51414.582	9.2470703	0.2608242
1.5355378	51455.578	9.2568359	0.26107991
1.5364856	51484.801	9.2666016	0.2612839
1.5383317	51525.109	9.2763672	0.26168394
1.5403748	51551.008	9.2861328	0.26189035
1.5437589	51588.348	9.2958984	0.26209211
1.5443623	51617.551	9.3056641	0.26247522
1.5451803	51653.418	9.3154297	0.26268461
1.5458286	51692.641	9.3251953	0.26298887
1.5481442	51727.277	9.3349609	0.26330438
1.5504375	51760.469	9.3447266	0.26356924
1.5518457	51799.227	9.3544922	0.26385579
1.5529901	51826.359	9.3642578	0.26411647
1.554595	51865.375	9.3740234	0.26441595
1.5556858	51893.652	9.3837891	0.26466221
1.5578359	51930.996	9.3935547	0.26491323
1.5594274	51962.664	9.4033203	0.26517785
1.5594139	52000.672	9.4130859	0.26556063
1.5625432	52029.309	9.4228516	0.26579618
1.5636518	52071.246	9.4326172	0.26600975
1.5658289	52101.09	9.4423828	0.26629987
1.5669689	52140.773	9.4521484	0.2666114
1.5671968	52171.609	9.4619141	0.26682654
1.5704066	52204.836	9.4716797	0.26717147
1.5722841	52238.23	9.4814453	0.26750532
1.5724585	52282.934	9.4912109	0.26774395
1.575011	52308.934	9.5009766	0.26805517
1.5762359	52352.508	9.5107422	0.26831472
1.5778631	52386.344	9.5205078	0.26853663
1.580286	52429.281	9.5302734	0.26881227
1.5810192	52463.223	9.5400391	0.26912427
1.5832498	52501.297	9.5498047	0.26940179
1.5845239	52540.648	9.5595703	0.26969543
1.585713	52588.234	9.5693359	0.27001968
1.5893698	52620.824	9.5791016	0.27027699
1.589182	52667.668	9.5888672	0.2705943
1.591985	52702.66	9.5986328	0.27089953
1.5930444	52747.598	9.6083984	0.27113801
1.5942111	52781.914	9.6181641	0.27136633
1.5962586	52825.109	9.6279297	0.27191553
1.5997857	52861.465	9.6376953	0.27211928
1.6004875	52905.488	9.6474609	0.27239907
1.6024902	52940.398	9.6572266	0.27264208
1.6029418	52987.266	9.6669922	0.27299556
1.6046538	53020.914	9.6767578	0.2731702
1.6071393	53066.465	9.6865234	0.27365392
1.608722	53101.91	9.6962891	0.27385366
1.610738	53143.242	9.7060547	0.27422401
1.6117618	53177.234	9.7158203	0.27446687
1.6135678	53222.742	9.7255859	0.27476043
1.6152308	53255.059	9.7353516	0.27507529
1.6172111	53295.84	9.7451172	0.27543169
1.6193702	53332.418	9.7548828	0.27571294
1.6205639	53369.879	9.7646484	0.27600545
1.6229644	53403.859	9.7744141	0.27631217
1.6238809	53441.961	9.7841797	0.27655298
1.6261206	53471.191	9.7939453	0.27679962
1.6276807	53515.953	9.8037109	0.27719265
1.628454	53542.484	9.8134766	0.27743077
1.6298532	53582.113	9.8232422	0.27765211
1.6322762	53611.418	9.8330078	0.27800983
1.6331122	53647.422	9.8427734	0.27824932
1.6352803	53679.789	9.8525391	0.27851307
1.6365319	53713.48	9.8623047	0.27873001
1.6384945	53748.848	9.8720703	0.27907613
1.6391516	53783.305	9.8818359	0.27936164
1.6418695	53813.422	9.8916016	0.27959093
1.6427503	53847.602	9.9013672	0.27985898
1.6449094	53882.148	9.9111328	0.28013656
1.6447709	53915.344	9.9208984	0.28040439
1.6473637	53949.762	9.9306641	0.28066871
1.6496971	53984.215	9.9404297	0.28104764
1.6520798	54012	9.9501953	0.28120726
1.6517043	54048.871	9.9599609	0.28144678
1.6539619	54078.762	9.9697266	0.28174591
1.6558573	54117.41	9.9794922	0.28202048
1.6573772	54147.816	9.9892578	0.28227592
1.658839	54184.906	9.9990234	0.28254646
1.6604528	54220.629	10.008789	0.28292832
1.6618476	54256.055	10.018555	0.28317043
1.6637653	54288.488	10.02832	0.28344399
1.6651108	54324.727	10.038086	0.28374627
1.6665637	54356.793	10.047852	0.28394365
1.6691387	54397.918	10.057617	0.28422707
1.6695142	54429.078	10.067383	0.2845268
1.672098	54470.543	10.077148	0.28484288
1.6727104	54505.004	10.086914	0.28513041
1.675272	54547.145	10.09668	0.28541109
1.6764834	54582.668	10.106445	0.28571373
1.6789913	54619.906	10.116211	0.28598213
1.6799614	54654.5	10.125977	0.28627041
1.6815708	54697.094	10.135742	0.28651538
1.683341	54730.809	10.145508	0.28678074
1.6856521	54768.375	10.155273	0.28711915
1.6865954	54804.75	10.165039	0.28745174
1.6888216	54842.402	10.174805	0.2877368
1.6899123	54876.477	10.18457	0.28792742
1.691781	54917.434	10.194336	0.28832132
1.6926527	54947.617	10.204102	0.28853369
1.6952366	54984.559	10.213867	0.28878143
1.6966313	55022.082	10.223633	0.28914142
1.6979009	55057.754	10.233398	0.28946888
1.7001405	55094.156	10.243164	0.28968659
1.7011821	55127.117	10.25293	0.29002997
1.7030507	55164.125	10.262695	0.29031867
1.7061129	55203.332	10.272461	0.2905423
1.7069533	55236.617	10.282227	0.29087973
1.7076597	55274.18	10.291992	0.29111972
1.7088711	55307.207	10.301758	0.29146791
1.7112718	55343.891	10.311523	0.29171088
1.7128453	55378.918	10.321289	0.29205874
1.7137885	55412.355	10.331055	0.29226771
1.7164618	55445.816	10.34082	0.29262567
1.7177582	55479.355	10.350586	0.29277098
1.7192736	55513.859	10.360352	0.29309478
1.7202526	55549.98	10.370117	0.29347974
1.7220006	55585.25	10.379883	0.29374292
1.723753	55619.895	10.389648	0.29393363
1.726976	55652.938	10.399414	0.2941364
1.726614	55689.676	10.40918	0.29450202
1.7285631	55724.375	10.418945	0.29492113
1.7303735	55759.75	10.428711	0.29510251
1.7318219	55795.191	10.438477	0.29543102
1.7334223	55831.746	10.448242	0.2956669
1.7345891	55864.813	10.458008	0.29592493
1.7367035	55899.27	10.467773	0.29621565
1.7391489	55934.418	10.477539	0.29645243
1.7405391	55969.629	10.487305	0.29673675
1.7416253	56002.078	10.49707	0.29708156
1.743932	56040.703	10.506836	0.29730007
1.7456621	56074.105	10.516602	0.29759353
1.747097	56112.723	10.526367	0.29787737
1.7489344	56143.063	10.536133	0.29817688
1.7498956	56175.938	10.545898	0.29847345
1.7512858	56212.492	10.555664	0.29877517
1.7539546	56244.211	10.56543	0.29903269
1.7548174	56281.184	10.575195	0.29938802
1.7563329	56316.316	10.584961	0.2996116
1.7584965	56349.301	10.594727	0.29994768
1.7599895	56383.719	10.604492	0.30011126
1.7618716	56416.117	10.614258	0.30043113
1.7628998	56455.254	10.624023	0.30071208
1.7643213	56485.973	10.633789	0.30096754
1.7663195	56519.07	10.643555	0.30125841
1.7672181	56549.523	10.65332	0.30143577
1.7683625	56586.082	10.663086	0.30181417
1.771666	56616.852	10.672852	0.3019855
1.7720908	56655.82	10.682617	0.30234554
1.7745763	56695.23	10.692383	0.3025851
1.7757251	56723.977	10.702148	0.30287394
1.7775581	56762.035	10.711914	0.30321383
1.7787695	56794.777	10.72168	0.30342954
1.7810271	56830.164	10.731445	0.30377579
1.7830878	56865.016	10.741211	0.30406293
1.7833382	56895.496	10.750977	0.30429611
1.7853453	56933.09	10.760742	0.30455112
1.7874867	56968.863	10.770508	0.30480671
1.788707	56999.98	10.780273	0.30508217
1.7907053	57036.398	10.790039	0.30549523
1.7918676	57068.293	10.799805	0.30570966
1.7937094	57102.594	10.80957	0.30594423
1.7963245	57139.949	10.819336	0.30625123
1.7967269	57175.531	10.829102	0.3065913
1.7986715	57212.539	10.838867	0.30688903
1.8005133	57247.82	10.848633	0.30718145
1.8017739	57278.602	10.858398	0.30744675
1.8032849	57315.688	10.868164	0.30767778
1.8045857	57352.297	10.87793	0.30803856
1.8064141	57392.75	10.887695	0.30830634
1.8087834	57425.352	10.897461	0.30851197
1.8101559	57462.684	10.907227	0.30887413
1.8112376	57495.945	10.916992	0.30905706
1.8131778	57531.254	10.926758	0.30931312
1.8144965	57563.332	10.936523	0.3096585
1.8166244	57600.766	10.946289	0.3099353
1.8183186	57635.012	10.956055	0.31030387
1.8200173	57670.246	10.96582	0.31051454
1.8213584	57708.445	10.975586	0.31082505
1.823379	57741.781	10.985352	0.31117809
1.8246756	57775.961	10.995117	0.31141779
1.8264101	57818.996	11.004883	0.31169328
1.8284619	57856.566	11.014648	0.3119604
1.8305182	57894.852	11.024414	0.31222081
1.8318594	57930.547	11.03418	0.31254226
1.8336207	57966.559	11.043945	0.31285736
1.8351227	57999.027	11.053711	0.31306341
1.8360883	58041.328	11.063477	0.31334418
1.8382609	58078.605	11.073242	0.31367055
1.8401921	58116.582	11.083008	0.31394538
1.8417611	58144.43	11.092773	0.31424767
1.8428832	58185.156	11.102539	0.31462306
1.8435448	58217.793	11.112305	0.31490591
1.8469959	58251.113	11.12207	0.31511888
1.8482254	58287.82	11.131836	0.31540561
1.8499866	58322.449	11.141602	0.31568816
1.8516362	58354.684	11.151367	0.31606138
1.8533349	58395.41	11.161133	0.31628868
1.8550068	58424.887	11.170898	0.31659609
1.857242	58462.855	11.180664	0.31687784
1.8583328	58495.566	11.19043	0.31719631
1.8594772	58532.512	11.200195	0.31749859
1.8615603	58563.098	11.209961	0.31770918
1.8627048	58597.297	11.219727	0.31801954
1.8647879	58629.516	11.229492	0.31822139
1.8657937	58668.91	11.239258	0.31860885
1.8684044	58698.184	11.249023	0.31887203
1.8699914	58736.605	11.258789	0.3191255
1.870662	58765.32	11.268555	0.31950474
1.8726736	58799.867	11.27832	0.31975496
1.8752307	58830.871	11.288086	0.3200548
1.8753424	58867.105	11.297852	0.32025161
1.8778771	58897.258	11.307617	0.32061347
1.8792897	58935.039	11.317383	0.32078484
1.8806398	58963.281	11.327148	0.32118288
1.8836439	58998	11.336914	0.32140669
1.8836484	59027.07	11.34668	0.3216446
1.8858478	59061.453	11.356445	0.32192698
1.8872112	59094.301	11.366211	0.3222076
1.8887625	59125.73	11.375977	0.32252601
1.8907428	59154.379	11.385742	0.32276735
1.8921554	59193.301	11.395508	0.32300597
1.8939569	59218.77	11.405273	0.32333833
1.8950433	59254.27	11.415039	0.32366952
1.8975109	59286.824	11.424805	0.32386911
1.8985345	59317.555	11.43457	0.32409254
1.899992	59351.586	11.444336	0.32438517
1.9014627	59387.469	11.454102	0.32469094
1.9029067	59418.859	11.463867	0.3249284
1.904735	59459.203	11.473633	0.32514685
1.9064202	59487.559	11.483398	0.32553825
1.9076273	59524.637	11.493164	0.32583615
1.9091517	59555.578	11.50293	0.32608053
1.9117624	59590.77	11.512695	0.32637411
1.9128933	59625.16	11.522461	0.32671845
1.9137516	59658.914	11.532227	0.32691714
1.9172742	59687.109	11.541992	0.32721484
1.9181639	59722.102	11.551758	0.32756966
1.9200057	59756.781	11.561523	0.3277944
1.9206092	59791.547	11.571289	0.32807761
1.9227326	59822.641	11.581055	0.32830596
1.9234166	59855.414	11.59082	0.32865456
1.9262731	59890.602	11.600586	0.32893336
1.9279852	59923.242	11.610352	0.32917151
1.929161	59949.043	11.620117	0.32940137
1.9311458	59987.387	11.629883	0.32970226
1.9324198	60013.68	11.639648	0.33001384
1.9334257	60053.418	11.649414	0.33019668
1.9354596	60086.281	11.65918	0.33062124
1.9373014	60123.66	11.668945	0.33086348
1.9390001	60149.984	11.678711	0.33104941
1.9413114	60189.465	11.688477	0.33135599
1.9421294	60219.094	11.698242	0.3316285
1.9438326	60255.379	11.708008	0.33195853
1.9453973	60283.336	11.717773	0.33221614
1.947619	60320.082	11.727539	0.33240259
1.9488797	60349.84	11.737305	0.3327361
1.9501716	60385.703	11.74707	0.33302999
1.9520044	60418.113	11.756836	0.33336523
1.9540787	60453.527	11.766602	0.33356282
1.9547492	60484.98	11.776367	0.33389089
1.9563808	60524.516	11.786133	0.33415082
1.9597828	60554.164	11.795898	0.33451274
1.9597113	60589.855	11.805664	0.33479959
1.9614637	60624.891	11.81543	0.3350189
1.962465	60660.352	11.825195	0.33522975
1.964736	60695.531	11.834961	0.33560666
1.9654379	60730.441	11.844727	0.33588237
1.9676194	60761.203	11.854492	0.33622125
1.9702659	60794.336	11.864258	0.3365106
1.9709229	60817.273	11.874023	0.33674642
1.9729569	60842.934	11.883789	0.3369872
1.9745708	60865.02	11.893555	0.33717915
1.9761219	60885.902	11.90332	0.33737066
1.9772172	60928.48	11.913086	0.33773997
1.9796222	60971.055	11.922852	0.33805737
1.9797339	61013.68	11.932617	0.33833614
1.983212	61054.16	11.942383	0.33868563
1.9835875	61087.063	11.952148	0.33900347
1.9866943	61133.969	11.961914	0.33933094
1.9875214	61175.82	11.97168	0.3396405
1.9891753	61219.219	11.981445	0.33988264
1.9925058	61253.746	11.991211	0.34014365
1.9929574	61293.965	12.000977	0.34046927
1.9945934	61328.148	12.010742	0.3408283
1.996538	61373.453	12.020508	0.3410745
1.9978523	61404.316	12.030273	0.34138104
2.0001233	61449.719	12.040039	0.34177685
2.0006106	61482.504	12.049805	0.34199065
2.0028591	61519.211	12.05957	0.34235984
2.0057292	61552.668	12.069336	0.34261435
2.0066679	61591.234	12.079102	0.3428959
2.0079017	61624.266	12.088867	0.34318954
2.009578	61663.594	12.098633	0.34350967
2.0123496	61694.273	12.108398	0.34384036
2.0132928	61732.719	12.118164	0.34403229
2.0144553	61764.5	12.12793	0.34428293
2.0170166	61800.906	12.137695	0.34462896
2.018863	61830.883	12.147461	0.34496719
2.0198286	61867.809	12.157227	0.34520981
2.0218043	61892.66	12.166992	0.34550205
2.0233736	61923.93	12.176758	0.34581387
2.025023	61949.117	12.186523	0.34610796
2.0265162	61981.191	12.196289	0.34634799
2.0281031	62009.039	12.206055	0.3465721
2.029583	62039.957	12.21582	0.34677613
2.0310223	62064.91	12.225586	0.34719831
2.0325198	62099.602	12.235352	0.34743237
2.0346701	62125.754	12.245117	0.34767079
2.0366237	62155.211	12.254883	0.3479133
2.0367444	62179.629	12.264648	0.34818774
2.0395293	62214.633	12.274414	0.34842324
2.0399451	62237.711	12.28418	0.3486551
2.0419612	62273.031	12.293945	0.34899309
2.043946	62295.613	12.303711	0.34920111
2.04598	62329.477	12.313477	0.34950066
2.0463064	62353.965	12.323242	0.34972522
2.0486221	62387.086	12.333008	0.35000879
2.0495563	62412.734	12.342773	0.35031542
2.0512686	62443.09	12.352539	0.35055152
2.0524487	62470.695	12.362305	0.35082632
2.0543933	62506.039	12.37207	0.35106987
2.056396	62530.91	12.381836	0.35132095
2.0562842	62568.41	12.391602	0.35162234
2.0593419	62596.652	12.401367	0.35196474
2.0608573	62631.992	12.411133	0.35220703
2.0620778	62660.625	12.420898	0.35243303
2.0641744	62693.496	12.430664	0.35274029
2.0657749	62729.637	12.44043	0.35301229
2.0663471	62765.031	12.450195	0.35330603
2.0688682	62795.816	12.459961	0.35368955
2.0699501	62830.453	12.469727	0.35387367
2.0718231	62858.273	12.479492	0.35416076
2.0733566	62894.855	12.489258	0.35444933
2.0748005	62925.051	12.499023	0.35472846
2.0762892	62961.73	12.508789	0.35511318
2.0779967	62996.477	12.518555	0.35533905
2.0798073	63030.316	12.52832	0.35559148
2.0817966	63066.441	12.538086	0.35584348
2.0841031	63105.344	12.547852	0.35613316
2.0857797	63133.922	12.557617	0.35642317
2.0872684	63176.004	12.567383	0.35674846
2.0882874	63205.84	12.577148	0.3569667
2.0902009	63237.805	12.586914	0.35726202
2.092731	63273.551	12.59668	0.357568
2.0928473	63309.941	12.606445	0.35789844
2.0947874	63342.059	12.616211	0.35825157
2.095592	63380.777	12.625977	0.35848671
2.0984173	63406.816	12.635742	0.35880533
2.1003485	63444.531	12.645508	0.35904735
2.1014035	63475.926	12.655273	0.3594166
2.1030755	63508.359	12.665039	0.35964733
2.1051719	63541.363	12.674805	0.35991442
2.1072955	63575.234	12.68457	0.36018807
2.1083102	63602.125	12.694336	0.36040354
2.1100581	63641.293	12.704102	0.36072993
2.1109746	63667.223	12.713867	0.36098772
2.1136477	63701.984	12.723633	0.36127502
2.1138086	63732.465	12.733398	0.36158228
2.1161647	63766.207	12.743164	0.36189371
2.1189675	63799.332	12.75293	0.36212772
2.1194503	63834.828	12.762695	0.36237678
2.1213188	63871.934	12.772461	0.36284623
2.1227584	63905.273	12.782227	0.36304548
2.1242962	63938.543	12.791992	0.36333096
2.126442	63974.758	12.801758	0.36361498
2.128078	64004.875	12.811523	0.36397514
2.130197	64035.637	12.821289	0.36426952
2.1316364	64073.898	12.831055	0.36444271
2.1334558	64107.453	12.84082	0.36480778
2.1344528	64133.719	12.850586	0.36503407
2.1361337	64170.164	12.860352	0.36534798
2.1376982	64198.227	12.870117	0.36563781
2.1394954	64232.848	12.879883	0.36594358
2.141185	64261.461	12.889648	0.36611396
2.1436439	64295.883	12.899414	0.36642867
2.1439209	64328.422	12.90918	0.36677045
2.1454051	64358.453	12.918945	0.3670496
2.146688	64387.43	12.928711	0.3672761
2.1492765	64423.316	12.938477	0.36765856
2.1503851	64451.59	12.948242	0.36791241
2.1520615	64485.047	12.958008	0.36819482
2.1538317	64517.859	12.967773	0.3684811
2.1559193	64550.652	12.977539	0.36873075
2.1576853	64584.879	12.987305	0.36900321
2.1593347	64616.707	12.99707	0.36936095
2.1608324	64646.219	13.006836	0.36962309
2.1627278	64682.418	13.016602	0.36990479
2.1639705	64713.426	13.026367	0.37019217
2.1647751	64746.207	13.036133	0.37046894
2.1672339	64775.809	13.045898	0.37071511
2.1697192	64802.949	13.055664	0.37106249
2.1699653	64839.363	13.06543	0.37129241
2.1741092	64871.316	13.075195	0.37160912
2.1741226	64905.426	13.084961	0.37186021
2.1757231	64935.5	13.094727	0.37221417
2.1777346	64965.996	13.104492	0.37242839
2.1788657	64999.16	13.114258	0.37277332
2.1799297	65030.41	13.124023	0.37299043
2.180712	65058.113	13.133789	0.37337014
2.1841049	65090.742	13.143555	0.37351924
2.1849678	65122.559	13.15332	0.37377807
2.1862731	65153.711	13.163086	0.37410009
2.1878912	65182.242	13.172852	0.37433776
2.1892099	65211.441	13.182617	0.374643
2.1903501	65240.707	13.192383	0.37497699
2.1933987	65276.125	13.202148	0.37524247
2.1942794	65306.719	13.211914	0.37554318
2.1962106	65343.605	13.22168	0.37582883
2.1971674	65376.793	13.231445	0.37620094
2.2008016	65409.539	13.241211	0.37637952
2.2014632	65443.336	13.250977	0.37666276
2.2030501	65478.578	13.260742	0.37699392
2.2047133	65509.773	13.270508	0.37726837
2.2064879	65547.164	13.280273	0.37755916
2.2082672	65573.297	13.290039	0.37775844
2.2093668	65607.047	13.299805	0.37811685
2.2112713	65635.539	13.30957	0.37844023
2.2130146	65663.313	13.319336	0.37871659
2.2149415	65692.602	13.329102	0.3789632
2.2155538	65724.531	13.338867	0.37921035
2.2172928	65752	13.348633	0.37953097
2.2172883	65781.336	13.358398	0.37981421
2.2212892	65807.688	13.368164	0.37999624
2.2227869	65843.648	13.37793	0.38032186
2.2242486	65868.742	13.387695	0.38065597
2.22563	65898.188	13.397461	0.38084349
2.2268639	65930.117	13.407227	0.38119152
2.2278428	65962.547	13.416992	0.38140398
2.2297337	65989.164	13.426758	0.38170922
2.2319064	66019.563	13.436523	0.38193628
2.2336988	66044.914	13.446289	0.38217625
2.2349463	66081.031	13.456055	0.38252041
2.2359922	66104.836	13.46582	0.3827641
2.2380934	66133.969	13.475586	0.3830471
2.2395239	66166.242	13.485352	0.38334662
2.2411153	66200.008	13.495117	0.38358575
2.2430687	66224.289	13.504883	0.3839024
2.2439003	66258.289	13.514648	0.38416561
2.2466674	66285.82	13.524414	0.38443467
2.2477806	66322.891	13.53418	0.38475072
2.2495508	66345.359	13.543945	0.38492045
2.2509456	66378.961	13.553711	0.38523844
2.2519112	66408.531	13.563477	0.38560781
2.2543206	66442.914	13.573242	0.3857438
2.2549331	66473.984	13.583008	0.38611445
2.2570119	66510.211	13.592773	0.38643101
2.2590458	66536.875	13.602539	0.38673982
2.2609949	66574.031	13.612305	0.38702181
2.2617414	66609.727	13.62207	0.38726422
2.263458	66646.711	13.631836	0.38754714
2.265568	66681.43	13.641602	0.38787207
2.2671595	66718.781	13.651367	0.38821593
2.2689967	66753.383	13.661133	0.38854593
2.2698686	66795.242	13.670898	0.38879627
2.273324	66824.289	13.680664	0.38904512
2.2739947	66864.438	13.69043	0.38936153
2.2761047	66898.461	13.700195	0.38975224
2.2777228	66934.414	13.709961	0.38994727
2.2795424	66969.266	13.719727	0.39022848
2.2818446	67002.438	13.729492	0.39050382
2.2836909	67032.516	13.739258	0.39085725
2.2845759	67076.258	13.749023	0.39117706
2.2867575	67103.922	13.758789	0.3914434
2.2886844	67138.695	13.768555	0.39174986
2.2892296	67169.008	13.77832	0.39207789
2.2910535	67199.828	13.788086	0.39239687
2.2931681	67231.914	13.797852	0.3926205
2.2939458	67266.156	13.807617	0.39290264
2.2966862	67292.227	13.817383	0.39318833
2.2978797	67330.609	13.827148	0.39359796
2.2993593	67354.234	13.836914	0.3938432
2.300951	67385.266	13.84668	0.39411005
2.3024395	67415.914	13.856445	0.39444906
2.3042009	67448.328	13.866211	0.39477903
2.3064404	67478.578	13.875977	0.39507157
2.307795	67513.805	13.885742	0.39527103
2.3083897	67537.906	13.895508	0.39553857
2.3118405	67571.297	13.905273	0.39588436
2.3120329	67594.469	13.915039	0.39611238
2.3136511	67627.242	13.924805	0.39641187
2.315484	67656.297	13.93457	0.39664614
2.3184881	67687.43	13.944336	0.39700621
2.318099	67708.102	13.954102	0.397284
2.3198068	67739.016	13.963867	0.3974022
2.3219256	67762.344	13.973633	0.3977789
2.3245006	67797.289	13.983398	0.39812744
2.3264945	67819.625	13.993164	0.39829576
2.3272455	67852.055	14.00293	0.39858907
2.3284345	67874.938	14.012695	0.39888656
2.3291678	67905.453	14.022461	0.39919886
2.3313627	67931.641	14.032227	0.39946526
2.3326232	67964.531	14.041992	0.39976838
2.3344874	67985.477	14.051758	0.4000316
2.3353503	68022.898	14.061523	0.40022224
2.3376703	68047.188	14.071289	0.40053061
2.3384838	68076.93	14.081055	0.40084231
2.3398876	68100.141	14.09082	0.40104005
2.3421764	68131.734	14.100586	0.4013539
2.3441658	68156.695	14.110352	0.40166196
2.3449347	68187.766	14.120117	0.40190613
2.3462131	68213.898	14.129883	0.40212631
2.347894	68245.328	14.139648	0.40238976
2.3495569	68273.68	14.149414	0.40269539
2.3512735	68302.172	14.15918	0.40299645
2.352664	68331.172	14.168945	0.40322348
2.3544521	68366.531	14.178711	0.40347672
2.3562045	68396.93	14.188477	0.40384299
2.3581445	68429.227	14.198242	0.40413371
2.3584797	68456.102	14.208008	0.40436995
2.3611486	68493.789	14.217773	0.40468198
2.3623512	68521.516	14.227539	0.40492776
2.3646533	68551.398	14.237305	0.4052425
2.3659139	68581.211	14.24707	0.40549302
2.3677959	68616.766	14.256836	0.40582815
2.3683369	68646.711	14.266602	0.40604857
2.370563	68679.859	14.276367	0.40641478
2.3725793	68706.461	14.286133	0.40667292
2.3750782	68743.891	14.295898	0.40702397
2.3757844	68773.602	14.305664	0.40723029
2.3771346	68810.742	14.31543	0.40766805
2.3778586	68845.391	14.325195	0.40785468
2.3802326	68879.094	14.334961	0.40815809
2.3818107	68916.063	14.344727	0.40851185
2.3835137	68956.219	14.354492	0.40878844
2.3858562	68983.469	14.364258	0.40913463
2.3882656	69029.883	14.374023	0.40939581
2.3903265	69063.039	14.383789	0.40971455
2.3913682	69099.602	14.393555	0.40999115
2.3930311	69134.398	14.40332	0.41038033
2.3952036	69174.68	14.413086	0.4107016
2.3967056	69206.875	14.422852	0.41102621
2.398248	69241.867	14.432617	0.41128704
2.3990796	69270.18	14.442383	0.41157877
2.4028435	69302.938	14.452148	0.41190305
2.4051638	69337.555	14.461914	0.41221151
2.4057851	69370.102	14.47168	0.41252038
2.4076984	69402.602	14.481445	0.41282433
2.4098709	69437.477	14.491211	0.41312465
2.4108276	69463.414	14.500977	0.41341645
2.4115829	69501.266	14.510742	0.41368556
2.4143548	69522.945	14.520508	0.41399965
2.4157584	69562.031	14.530273	0.41428024
2.4172604	69588.477	14.540039	0.41458032
2.4193883	69621.922	14.549805	0.41496438
2.42064	69644.68	14.55957	0.41520539
2.4229646	69670.68	14.569336	0.41540581
2.423501	69699.375	14.579102	0.41571799
2.4245203	69726.32	14.588867	0.41590932
2.4274886	69745.641	14.598633	0.41627455
2.4288788	69778.813	14.608398	0.41654956
2.4302959	69802.133	14.618164	0.41684651
2.4312749	69825.18	14.62793	0.4170894
2.4328396	69853.305	14.637695	0.4173407
2.4342299	69875.461	14.647461	0.41764784
2.4352267	69899.578	14.657227	0.41798529
2.4372249	69930.336	14.666992	0.41819429
2.4398758	69948.961	14.676758	0.41852614
2.4415388	69981.25	14.686523	0.41875097
2.4416864	70003.586	14.696289	0.41894263
2.4437473	70032.508	14.706055	0.41936064
2.4455845	70055.492	14.71582	0.41954291
2.4469211	70084.703	14.725586	0.41981539
2.4481103	70110.156	14.735352	0.42009091
2.4501443	70143.391	14.745117	0.42033935
2.4515212	70164.031	14.754883	0.42064661
2.4534078	70198.133	14.764648	0.42090073
2.4549544	70220.398	14.774414	0.42124176
2.455683	70250.344	14.78418	0.42147011
2.4577842	70279.25	14.793945	0.42171523
2.4582491	70312.789	14.803711	0.42206994
2.4601579	70338.508	14.813477	0.42240581
2.4632468	70371.289	14.823242	0.42265064
2.462317	70394.063	14.833008	0.42297706
2.4653659	70424.578	14.842773	0.42316046
2.4683924	70449.891	14.852539	0.42353407
2.4690673	70482.961	14.862305	0.42370322
2.4703236	70511.133	14.87207	0.42400658
2.4713562	70539.523	14.881836	0.42421502
2.4737477	70565.539	14.891602	0.42456207
2.4752722	70598.18	14.901367	0.42486882
2.4761035	70627.555	14.911133	0.42521471
2.479197	70660.734	14.920898	0.42537662
2.4804935	70689.813	14.930664	0.42574251
2.4818568	70724.289	14.94043	0.42608824
2.4839492	70754.188	14.950195	0.42630711
2.4852767	70782.578	14.959961	0.42659858
2.4869933	70817.453	14.969727	0.42691088
2.4881825	70850.438	14.979492	0.42727041
2.4895146	70879.719	14.989258	0.42765695
2.4911776	70914.609	14.999023	0.42777202
2.4938688	70943.031	15.008789	0.42809054
2.4948478	70975.07	15.018555	0.42841715
2.496171	71006.461	15.02832	0.42868435
2.4985538	71038.102	15.038086	0.42896965
2.4996848	71069.008	15.047852	0.42917836
2.5014281	71101.211	15.057617	0.42953572
2.5025234	71131.703	15.067383	0.42992967
2.5047407	71163.289	15.077148	0.43016639
2.5066674	71197.328	15.086914	0.43048552
2.5079012	71226.063	15.09668	0.4307977
2.5099039	71256.07	15.106445	0.43097851
2.5117769	71287.867	15.116211	0.43137011
2.5135696	71320.063	15.125977	0.43166876
2.5146871	71354.445	15.135742	0.43190074
2.5169358	71383.453	15.145508	0.43222088
2.5176957	71413.492	15.155273	0.43253899
2.5200472	71441.82	15.165039	0.43279189
2.5217323	71474.445	15.174805	0.43310869
2.5227427	71503.672	15.18457	0.43337595
2.5249197	71532.5	15.194336	0.4337557
2.5280759	71568.648	15.204102	0.43400472
2.5287554	71600.688	15.213867	0.43432716
2.5308342	71634.352	15.223633	0.43465629
2.5312946	71667.805	15.233398	0.43499106
2.533771	71700.43	15.243164	0.43527356
2.5355725	71729.969	15.25293	0.43562761
2.536118	71764.148	15.262695	0.43590713
2.5387466	71792.617	15.272461	0.43623194
2.5403647	71825	15.282227	0.43646935
2.54125	71859.328	15.291992	0.43676385
2.5441198	71884.813	15.301758	0.43713003
2.5458276	71916.586	15.311523	0.43735543
2.5460825	71949.977	15.321289	0.43771186
2.548568	71976.922	15.331055	0.43795162
2.5507047	72012.539	15.34082	0.43828839
2.552846	72038.727	15.350586	0.4386065
2.5543437	72067.492	15.360352	0.43885362
2.5555372	72093.258	15.370117	0.43912873
2.55619	72120.75	15.379883	0.43946144
2.5593772	72148.477	15.389648	0.43973392
2.5599315	72178.273	15.399414	0.4400602
2.5621624	72203.391	15.40918	0.44030651
2.563633	72234.711	15.418945	0.44054428
2.5641694	72259.695	15.428711	0.44082171
2.5674462	72288.766	15.438477	0.44114494
2.5685191	72314.156	15.448242	0.44147962
2.5710316	72339.063	15.458008	0.44179899
2.572547	72362.313	15.467773	0.44211414
2.5732532	72389.094	15.477539	0.44234112
2.5750279	72408.469	15.487305	0.44267246
2.5765791	72435.477	15.49707	0.44294527
2.5780544	72457.688	15.506836	0.44318223
2.5781527	72485.742	15.516602	0.443508
2.5811167	72506.734	15.526367	0.44375908
2.5813313	72530.406	15.536133	0.44402888
2.5839062	72556.828	15.545898	0.4442583
2.5859132	72586.391	15.555664	0.44449571
2.5875359	72606.836	15.56543	0.44481274
2.589561	72635.234	15.575195	0.44512087
2.5901377	72658.5	15.584961	0.44537973
2.5914118	72684.836	15.594727	0.44561261
2.5935934	72707.328	15.604492	0.44594413
2.5943265	72733.961	15.614258	0.44618446
2.596879	72758.469	15.624023	0.44650781
2.5984616	72785.25	15.633789	0.44682962
2.5996149	72808.484	15.643555	0.44707727
2.6011615	72838.5	15.65332	0.44732797
2.6018052	72864.766	15.663086	0.44762272
2.6044741	72890.328	15.672852	0.44779551
2.6053324	72915.555	15.682617	0.44815037
2.607362	72944.594	15.692383	0.44842952
2.6082828	72967.297	15.702148	0.44872513
2.609472	72992.797	15.711914	0.44890571
2.6114569	73018.969	15.72168	0.44913086
2.612865	73048.609	15.731445	0.44954631
2.6149704	73074.203	15.741211	0.44971305
2.616468	73100.891	15.750977	0.45002609
2.6172235	73129.289	15.760742	0.4503684
2.6195168	73157	15.770508	0.45067555
2.6217699	73189.492	15.780273	0.45092773
2.62257	73225.234	15.790039	0.45125985
2.6247561	73257.141	15.799805	0.45154235
2.6257887	73296.086	15.80957	0.45180303
2.6284442	73328.813	15.819336	0.45224565
2.6303575	73368.352	15.829102	0.45251045
2.6321187	73400.938	15.838867	0.45279005
2.6340187	73434.734	15.848633	0.45319185
2.6358426	73467.805	15.858398	0.45342141
2.6371388	73504.148	15.868164	0.45366064
2.6385114	73534.648	15.87793	0.45406118
2.6410012	66540.953	15.887695	0.45428193
2.853848	-13324.631	15.897461	0.62386334
2.7254372	9010.9287	15.907227	0.18017469
2.7396665	-5134.2559	15.916992	-0.11179551
2.6777387	2545.7712	15.926758	-0.19917832
2.6692808	-1684.0585	15.936523	-0.24203154
2.6457043	6085.8467	15.946289	-0.47464436
2.7007654	-3803.7053	15.956055	-0.76174122
2.6677027	2632.0732	15.96582	-0.78126454
2.6905999	-2403.0508	15.975586	-0.77686155
2.6672914	603.63507	15.985352	-0.77834064
2.6719093	-913.47473	15.995117	-0.77618885
2.6684046	1620.4778	16.004883	-0.78368115
2.6909397	-1948.8118	16.014648	-0.78561568
2.6792719	164.80161	16.024414	-0.79350185
2.687314	-1315.3876	16.03418	-0.79943073
2.6807337	-414.94556	16.043945	-0.79898006
2.6823833	-523.69281	16.053711	-0.79833215
2.6831837	107.39919	16.063477	-0.79681826
2.6896968	-573.79926	16.073242	-0.80511123
2.687104	-148.33443	16.083008	-0.80859923
2.6886463	-81.192123	16.092773	-0.81915343
2.6900098	48.175571	16.102539	-0.82165879
2.6896298	290.44574	16.112305	-0.82425904
2.6921108	401.49994	16.12207	-0.82348782
2.6926563	432.63333	16.131836	-0.82610565
2.6946142	439.88995	16.141602	-0.82934064
2.6958213	585.70947	16.151367	-0.84280366
2.6980922	451.91473	16.161133	-0.84469414
2.6988029	450.9357	16.170898	-0.84857494
2.7005105	382.73071	16.180664	-0.85111541
2.7018161	295.27908	16.19043	-0.85273129
2.7053342	147.77342	16.200195	-0.85217458
2.7049809	43.668083	16.209961	-0.8558771
2.7071714	-73.510925	16.219727	-0.8601414
2.7082756	-203.01295	16.229492	-0.85933685
2.7109847	-303.45773	16.239258	-0.858441
2.7119412	-379.27365	16.249023	-0.86105466
2.7146637	-426.41617	16.258789	-0.86652797
2.716738	-457.71127	16.268555	-0.86281639
2.7176187	-441.99359	16.27832	-0.86433369
2.7189641	-405.78647	16.288086	-0.86766732
2.7212083	-328.44241	16.297852	-0.86878604
2.7223036	-242.30605	16.307617	-0.86640531
2.7252495	-143.38374	16.317383	-0.86922359
2.7262421	-36.833225	16.327148	-0.8736766
2.7272344	71.873428	16.336914	-0.87403423
2.7287052	179.17552	16.34668	-0.87225944
2.730444	270.1315	16.356445	-0.8756516
2.7321293	357.56711	16.366211	-0.87875468
2.733712	387.68582	16.375977	-0.87920308
2.7356653	436.8555	16.385742	-0.87896466
2.7366087	410.66043	16.395508	-0.88369793
2.7378917	401.69501	16.405273	-0.88638765
2.7396932	321.32236	16.415039	-0.88419515
2.7415798	252.51495	16.424805	-0.88635451
2.7419105	154.46706	16.43457	-0.89040053
2.7438819	62.344711	16.444336	-0.89361453
2.7458622	-51.461044	16.454102	-0.89089966
2.7469084	-149.95364	16.463867	-0.89391285
2.7493224	-233.12576	16.473633	-0.89674175
2.7492061	-311.48062	16.483398	-0.89905673
2.7515397	-350.37296	16.493164	-0.89685571
2.7531176	-387.13193	16.50293	-0.89981157
2.7548387	-368.04309	16.512695	-0.9028855
2.756247	-344.26538	16.522461	-0.90133578
2.7579591	-287.82629	16.532227	-0.89971554
2.7609096	-216.30525	16.541992	-0.90365428
2.7601182	-134.32233	16.551758	-0.90429944
2.7618885	-48.276268	16.561523	-0.90299577
2.7642801	50.361153	16.571289	-0.90257585
2.7648971	134.20255	16.581055	-0.90677953
2.7667971	226.15027	16.59082	-0.90622962
2.7680173	278.09268	16.600586	-0.90256381
2.7694881	338.48569	16.610352	-0.90397078
2.7706637	350.78754	16.620117	-0.90696877
2.7722731	367.83331	16.629883	-0.90683401
2.7729795	317.21918	16.639648	-0.90269893
2.7722688	296.0444	16.649414	-0.9044475
2.7734756	211.95761	16.65918	-0.90591991
2.773212	147.93185	16.668945	-0.906582
2.7724788	51.018551	16.678711	-0.90330142
2.7716563	-29.503601	16.688477	-0.90624517
2.7712181	-117.29752	16.698242	-0.90730256
2.7712317	-188.91739	16.708008	-0.90607715
2.7710974	-250.17769	16.717773	-0.90428883
2.7700827	-289.42245	16.727539	-0.90795499
2.7715178	-314.47888	16.737305	-0.91032022
2.7711198	-312.86014	16.74707	-0.90820634
2.7708113	-285.2605	16.756836	-0.90889484
2.7702079	-246.04517	16.766602	-0.9127208
2.7698324	-186.94856	16.776367	-0.91464651
2.7710035	-122.8191	16.786133	-0.91270953
2.7705028	-44.50779	16.795898	-0.91466558
2.7692914	39.670502	16.805664	-0.9191398
2.7696981	108.69408	16.81543	-0.92045212
2.7685716	179.86923	16.825195	-0.91930008
2.7696357	243.94725	16.834961	-0.91960323
2.7690768	278.72446	16.844727	-0.91963542
2.7687237	307.44077	16.854492	-0.91991848
2.768518	296.17596	16.864258	-0.91976964
2.7683125	285.16959	16.874023	-0.91992378
2.7689383	240.19554	16.883789	-0.91981632
2.7686656	187.65881	16.893555	-0.91996455
2.7691529	116.58749	16.90332	-0.91974521
2.7689383	55.256882	16.913086	-0.91967642
2.7686477	-25.713236	16.922852	-0.91968578
2.7691975	-91.247139	16.932617	-0.91966206
2.7681291	-156.79677	16.942383	-0.91971052
2.7682006	-206.90926	16.952148	-0.91981483
2.7687371	-244.14481	16.961914	-0.91990906
2.7680576	-264.45172	16.97168	-0.91989285
2.7688265	-257.49835	16.981445	-0.91984731
2.7678876	-243.79825	16.991211	-0.91985995
2.7679861	-216.11725	17.000977	-0.91979629
2.7673869	-162.17551	17.010742	-0.91978967
2.7672887	-101.01253	17.020508	-0.9196986
2.7673693	-38.237778	17.030273	-0.9197877
2.7674584	35.87117	17.040039	-0.91991025
2.7674451	96.197708	17.049805	-0.91987085
2.7657106	158.4912	17.05957	-0.91994101
2.7674227	200.81679	17.069336	-0.92012018
2.7658224	236.84348	17.079102	-0.91999125
2.7663856	250.02473	17.088867	-0.91993755
