MTS793|MPT|ENU|1|2|.|/|:|1|0|0|A

Data Acquisition						Time:	10.009766	s	2/4/2020 10:25:12 AM
Axial Displacement	Axial Force	Time	Axial Extensometer
mm	N	s	mm
-0.00062808394	305.81723	0.018554688	-1.8230639e-05
-0.00087171793	307.86826	0.028320313	-2.1513551e-05
-0.0002771616	304.32733	0.038085938	6.0837192e-05
-0.0016763806	305.96902	0.047851563	0.00010237272
-0.00042468309	304.04514	0.057617188	2.4790643e-05
-0.0011019409	308.98981	0.067382813	0.00011031952
-0.00076442957	313.38425	0.077148438	2.9505463e-05
0.00048056245	316.39215	0.086914063	8.5921783e-05
0.00029280782	320.69742	0.096679688	0.00010118238
0.0014953315	338.19467	0.10644531	0.00011653756
0.00076889992	383.6362	0.11621094	0.00025427871
0.0022172928	460.90085	0.12597656	0.00046862115
0.0033169985	552.34906	0.13574219	0.00084093626
0.0060237944	661.8761	0.14550781	0.001135956
0.0075146556	783.35565	0.15527344	0.0014600998
0.010574609	908.09302	0.16503906	0.0018828737
0.012436509	1030.8494	0.17480469	0.0022782916
0.01482144	1153.8668	0.18457031	0.0026360489
0.016893446	1268.4081	0.19433594	0.0030600058
0.018587708	1388.4176	0.20410156	0.0033245757
0.021399558	1501.8861	0.21386719	0.0037925174
0.023429096	1615.2314	0.22363281	0.0040313471
0.024792552	1713.658	0.23339844	0.0043364484
0.027479231	1812.2338	0.24316406	0.0048168111
0.030324608	1912.8035	0.25292969	0.0050628297
0.030306727	2010.6392	0.26269531	0.0053988928
0.032372028	2096.0339	0.27246094	0.0055898391
0.033972412	2192.4768	0.28222656	0.0059817829
0.035912544	2281.8845	0.29199219	0.0062165959
0.037372112	2370.4021	0.30175781	0.0065642232
0.038827211	2459.707	0.31152344	0.0067339912
0.040715933	2536.4202	0.32128906	0.0070513235
0.043243915	2624.3928	0.33105469	0.0073083001
0.043071806	2712.0823	0.34082031	0.0075397794
0.044886768	2792.6636	0.35058594	0.0078779021
0.045970827	2871.6802	0.36035156	0.0080655264
0.048141181	2949.6987	0.37011719	0.0082988506
0.049839914	3032.3201	0.37988281	0.0086202398
0.051299483	3107.5918	0.38964844	0.0087859873
0.051983446	3182.1199	0.39941406	0.0090455059
0.053753704	3264.2065	0.40917969	0.0092313411
0.055269152	3337.428	0.41894531	0.0095293866
0.057274103	3411.5747	0.42871094	0.0098741204
0.058293343	3489.5286	0.43847656	0.0099687334
0.060251355	3565.5925	0.44824219	0.010286829
0.061362237	3647.9385	0.45800781	0.010590978
0.063356012	3722.3264	0.46777344	0.010812331
0.064303726	3799.5542	0.47753906	0.011015597
0.067057461	3882.3013	0.48730469	0.011283771
0.067786127	3960.9951	0.49707031	0.011555773
0.068718195	4040.2888	0.50683594	0.011811991
0.070884079	4123.1665	0.51660156	0.012095467
0.073231012	4201.9219	0.52636719	0.012281227
0.07437095	4283.0806	0.53613281	0.012544939
0.076018274	4363.5068	0.54589844	0.012776293
0.077833235	4444.1387	0.55566406	0.013066504
0.078394264	4523.874	0.56542969	0.013335333
0.080765784	4603.0044	0.57519531	0.013565978
0.081393868	4678.0054	0.58496094	0.013831483
0.083045661	4755.9858	0.59472656	0.014027888
0.084393471	4837.8604	0.60449219	0.014374787
0.086610764	4908.0439	0.61425781	0.014608026
0.087676942	4984.377	0.62402344	0.014772651
0.088175386	5058.9531	0.63378906	0.01509627
0.091914833	5142.8789	0.64355469	0.015340727
0.092149526	5220.4834	0.65332031	0.015560426
0.094138831	5300.4219	0.66308594	0.015830142
0.095616281	5380.8872	0.67285156	0.016115837
0.097154081	5465.0688	0.68261719	0.016310129
0.099116564	5550.4058	0.69238281	0.016593134
0.10151491	5639.5532	0.70214844	0.016917037
0.1019977	5730.2759	0.71191406	0.017137347
0.10497048	5817.1699	0.72167969	0.017408608
0.10569021	5903.8198	0.73144531	0.017753368
0.10771528	5996.2217	0.74121094	0.018080298
0.10972247	6096.2407	0.75097656	0.018317254
0.11138543	6195.5283	0.76074219	0.018816859
0.11358485	6295.8105	0.77050781	0.019057021
0.1153551	6396.873	0.78027344	0.019327912
0.11758581	6490.2646	0.79003906	0.019711284
0.11834577	6586.2788	0.79980469	0.019947834
0.12118891	6684.1807	0.80957031	0.020299142
0.12308657	6771.9492	0.81933594	0.020615082
0.12556985	6857.1011	0.82910156	0.020826638
0.12673885	6946.2026	0.83886719	0.021084612
0.1285851	7026.5127	0.84863281	0.021448171
0.1301989	7115.4648	0.85839844	0.021649307
0.13222173	7196.728	0.86816406	0.021963006
0.13414398	7280.2969	0.87792969	0.022275729
0.13556108	7360.6577	0.88769531	0.022568986
0.13573989	7439.4414	0.89746094	0.02279184
0.13854951	7515.4888	0.90722656	0.022984205
0.14000908	7596.7729	0.91699219	0.023301622
0.14051199	7665.9019	0.92675781	0.023524126
0.1440078	7752.0127	0.93652344	0.023796473
0.14441907	7821.2881	0.94628906	0.02405607
0.14652461	7899.7002	0.95605469	0.024228889
0.14827028	7973.0454	0.96582031	0.024494043
0.14927834	8048.4429	0.97558594	0.024652386
0.15089437	8119.0205	0.98535156	0.024915669
0.1519762	8198.5156	0.99511719	0.025177175
0.1548104	8262.9766	1.0048828	0.02540837
0.15606433	8343.5322	1.0146484	0.025617244
0.15737191	8412.333	1.0244141	0.025920682
0.15972555	8490.0713	1.0341797	0.026280513
0.16157404	8564.8232	1.0439453	0.026393607
0.16220659	8635.5605	1.0537109	0.02672893
0.16280115	8708.8701	1.0634766	0.026863951
0.16503632	8783.7939	1.0732422	0.027157139
0.1678057	8849.6211	1.0830078	0.027381526
0.16811192	8928.9385	1.0927734	0.027600719
0.16868189	9003.875	1.1025391	0.027878882
0.1711987	9076.1484	1.1123047	0.028156843
0.17292202	9151.8018	1.1220703	0.028278854
0.17389655	9227.7021	1.1318359	0.028526947
0.17648265	9297.1953	1.1416016	0.028840939
0.17709285	9376.8379	1.1513672	0.029113429
0.17899498	9450.6846	1.1611328	0.029369622
0.18102005	9530.4795	1.1708984	0.029642396
0.181932	9606.1973	1.1806641	0.02986531
0.18401518	9686.8418	1.1904297	0.030098805
0.18554404	9760.6865	1.2001953	0.030428687
0.18643141	9838.2471	1.2099609	0.030607268
0.18781722	9913.2695	1.2197266	0.030929191
0.19104257	9999.2334	1.2294922	0.031135606
0.19119903	10065.697	1.2392578	0.031382009
0.19396842	10155.376	1.2490234	0.031578209
0.19508153	10227.396	1.2587891	0.031926416
0.19696802	10311.376	1.2685547	0.03216137
0.19882992	10386.253	1.2783203	0.032455832
0.19936189	10470.651	1.2880859	0.032671802
0.20117909	10546.601	1.2978516	0.032973111
0.20354167	10628.916	1.3076172	0.033239365
0.20567626	10711.089	1.3173828	0.033457797
0.20785108	10797.791	1.3271484	0.033764478
0.20857528	10879.798	1.3369141	0.034022994
0.21099597	10969.496	1.3466797	0.034363266
0.21338761	11049.651	1.3564453	0.03459432
0.21473765	11137.327	1.3662109	0.034864016
0.21641403	11216.579	1.3759766	0.035238951
0.21796972	11304.637	1.3857422	0.035460345
0.21990761	11384.252	1.3955078	0.035720751
0.22143424	11470.123	1.4052734	0.036072735
0.22406727	11551.691	1.4150391	0.036309417
0.22558719	11632.684	1.4248047	0.036683567
0.22661313	11711.403	1.4345703	0.036728598
0.2288796	11795.106	1.4443359	0.037067752
0.23002625	11868.342	1.4541016	0.037441049
0.23216531	11953.927	1.4638672	0.037662324
0.23383498	12028.961	1.4736328	0.037902091
0.23657531	12110.673	1.4833984	0.038128193
0.23732856	12186.132	1.4931641	0.038449608
0.23849979	12261.677	1.5029297	0.038669515
0.24093613	12338.182	1.5126953	0.038922548
0.24115518	12413.462	1.5224609	0.039159849
0.24459288	12482.111	1.5322266	0.039416552
0.24546459	12555.518	1.5419922	0.039660104
0.24790317	12624.13	1.5517578	0.040002186
0.24792328	12702.5	1.5615234	0.040297173
0.2502948	12770.979	1.5712891	0.04046119
0.25185272	12842.866	1.5810547	0.040667601
0.25304183	12910.823	1.5908203	0.040893961
0.25529489	12986.515	1.6005859	0.041180808
0.25603026	13051.921	1.6103516	0.041331809
0.25728419	13127.343	1.6201172	0.041621558
0.26091635	13194.353	1.6298828	0.041882947
0.26092306	13268.505	1.6396484	0.042098653
0.26197359	13336.821	1.6494141	0.042356621
0.26490837	13411.395	1.6591797	0.042627975
0.26645064	13482.349	1.6689453	0.042863354
0.26759505	13554.78	1.6787109	0.043096986
0.26929379	13623.43	1.6884766	0.043390781
0.26999786	13696.838	1.6982422	0.043638378
0.27204752	13765.47	1.7080078	0.043867473
0.27406588	13842.628	1.7177734	0.044092536
0.2746515	13920.914	1.7275391	0.044372074
0.27834177	13997.925	1.7373047	0.044672374
0.27881786	14072.38	1.7470703	0.044845618
0.28078705	14149.96	1.7568359	0.045161687
0.28390959	14219.991	1.7666016	0.045492653
0.28366148	14303.753	1.7763672	0.045662541
0.28555691	14371.941	1.7861328	0.045910675
0.28698295	14451.246	1.7958984	0.046207756
0.28835312	14526.037	1.8056641	0.046464376
0.29074475	14603.516	1.8154297	0.046676099
0.29275417	14675.675	1.8251953	0.047041912
0.29506758	14750.321	1.8349609	0.047261134
0.29432997	14820.754	1.8447266	0.047543444
0.29667467	14890.967	1.8544922	0.047798321
0.29937029	14961.799	1.8642578	0.048024867
0.29980391	15033.848	1.8740234	0.0481865
0.30161887	15105.182	1.8837891	0.048461836
0.30356124	15173.418	1.8935547	0.048720621
0.3044419	15243.552	1.9033203	0.048883881
0.30647591	15314.923	1.9130859	0.049258135
0.30766279	15378.374	1.9228516	0.049394634
0.30914694	15456.448	1.9326172	0.049680676
0.31167045	15521.5	1.9423828	0.049928289
0.31367093	15601.933	1.9521484	0.050191782
0.31429231	15677.732	1.9619141	0.050501619
0.31595975	15751.992	1.9716797	0.050710559
0.31825304	15829.093	1.9814453	0.050909963
0.3198579	15904.139	1.9912109	0.05128457
0.32135993	15975.559	2.0009766	0.051535979
0.3229402	16051.226	2.0107422	0.051751371
0.32536983	16128.492	2.0205078	0.05197477
0.32699928	16201.252	2.0302734	0.05231325
0.32806993	16277.401	2.0400391	0.052514613
0.32952726	16353.251	2.0498047	0.052973833
0.33247769	16428.928	2.0595703	0.053092264
0.33346117	16506.48	2.0693359	0.053362228
0.3354013	16579.621	2.0791016	0.053698845
0.33699498	16662.979	2.0888672	0.05397727
0.3385216	16735.682	2.0986328	0.054238487
0.34060702	16814.182	2.1083984	0.054474264
0.34181401	16890.08	2.1181641	0.054741099
0.34467056	16965.912	2.1279297	0.055036325
0.34524947	17035.773	2.1376953	0.055225402
0.34654811	17105.973	2.1474609	0.055606917
0.34900233	17176.006	2.1572266	0.055739343
0.35043508	17248.512	2.1669922	0.056018468
0.35161078	17312.363	2.1767578	0.056285858
0.35409182	17376.1	2.1865234	0.056504164
0.35476238	17444.145	2.1962891	0.056720618
0.35716742	17514.92	2.2060547	0.057045627
0.35894662	17581.176	2.2158203	0.057250455
0.35976022	17648.174	2.2255859	0.057476826
0.36088452	17712.379	2.2353516	0.057801008
0.3626816	17784.418	2.2451172	0.058020703
0.36438033	17850.955	2.2548828	0.058266956
0.36599636	17922.178	2.2646484	0.058491539
0.36799237	17991.42	2.2744141	0.058655195
0.36926642	18061.17	2.2841797	0.059009135
0.37115738	18129.615	2.2939453	0.059209064
0.3725253	18197.795	2.3037109	0.059477068
0.37391782	18262.504	2.3134766	0.059705608
0.37598982	18338.367	2.3232422	0.060005989
0.37792102	18403.988	2.3330078	0.060284365
0.37906542	18470.842	2.3427734	0.060559362
0.38036183	18537.484	2.3525391	0.06069418
0.38155317	18602.66	2.3623047	0.061084509
0.3841795	18672.98	2.3720703	0.06121764
0.38562343	18737.08	2.3818359	0.061584659
0.38723499	18808.596	2.3916016	0.061797198
0.38844198	18872.643	2.4013672	0.061982188
0.38940087	18940.842	2.4111328	0.062210329
0.39192885	19008.764	2.4208984	0.06247377
0.39559454	19080.402	2.4306641	0.062860236
0.39497539	19148.293	2.4404297	0.062985405
0.39616674	19216.402	2.4501953	0.063299634
0.39800182	19286.84	2.4599609	0.063547149
0.40126741	19356.295	2.4697266	0.063858278
0.40204078	19425.783	2.4794922	0.064087905
0.40408149	19494.02	2.4892578	0.064281709
0.40499792	19562.969	2.4990234	0.06460277
0.40703192	19632.117	2.5087891	0.064788289
0.40787235	19697.123	2.5185547	0.065086804
0.40987954	19766.443	2.5283203	0.06530828
0.4109703	19833.986	2.5380859	0.065590777
0.4130803	19902.479	2.5478516	0.06588538
0.41505173	19967.965	2.5576172	0.066129446
0.41617826	20043.066	2.5673828	0.066396646
0.41809157	20107.025	2.5771484	0.066662885
0.41939244	20182.393	2.5869141	0.066863373
0.42204335	20246.107	2.5966797	0.067192703
0.42361245	20317.582	2.6064453	0.067441635
0.42561516	20385.555	2.6162109	0.067656226
0.42731389	20453.111	2.6259766	0.068010598
0.42822137	20517.439	2.6357422	0.068102695
0.42961165	20583.113	2.6455078	0.068369493
0.43144897	20649.475	2.6552734	0.068690814
0.43216869	20719.506	2.6650391	0.068908803
0.43419823	20782.211	2.6748047	0.069251344
0.43581203	20846.1	2.6845703	0.069496468
0.43762699	20913.611	2.6943359	0.069744818
0.43949559	20987.33	2.7041016	0.070019275
0.43985769	21049.652	2.7138672	0.070247874
0.44265166	21118.795	2.7236328	0.070491202
0.44390336	21186.715	2.7333984	0.070875801
0.44570491	21253.197	2.7431641	0.07100413
0.44720694	21316.203	2.7529297	0.071390063
0.44876263	21386.537	2.7626953	0.071581781
0.45141354	21452.516	2.7724609	0.07186237
0.45302287	21520.822	2.7822266	0.072133616
0.4543148	21587.621	2.7919922	0.072365358
0.45629963	21657.178	2.8017578	0.072618239
0.45797601	21723.26	2.8115234	0.072943613
0.45881644	21793.455	2.8212891	0.073190056
0.46207979	21856.748	2.8310547	0.073510684
0.4628934	21928.809	2.8408203	0.073794924
0.46472177	21994.514	2.8505859	0.073981158
0.46672449	22061.209	2.8603516	0.074343435
0.4682444	22120.775	2.8701172	0.074558482
0.46988949	22187.83	2.8798828	0.074789569
0.47064498	22244.773	2.8896484	0.075166978
0.47282651	22314.123	2.8994141	0.07543537
0.47399327	22374.004	2.9091797	0.075687818
0.47636256	22441.795	2.9189453	0.075897589
0.47709569	22497.715	2.9287109	0.076202415
0.48044845	22565.223	2.9384766	0.076447837
0.48118159	22621.439	2.9482422	0.076675124
0.48271045	22690.307	2.9580078	0.076963849
0.48370287	22746.443	2.9677734	0.077118821
0.48507079	22813.447	2.9775391	0.077449247
0.48709586	22868.383	2.9873047	0.077703573
0.48949644	22931.432	2.9970703	0.078013651
0.48992112	22993.199	3.0068359	0.078216977
0.49180314	23060.105	3.0166016	0.078493163
0.49383268	23113.893	3.0263672	0.078821808
0.49520507	23174.621	3.0361328	0.079066746
0.4969351	23237.266	3.0458984	0.079306453
0.49728826	23307.299	3.0556641	0.079537325
0.50005984	23363.041	3.0654297	0.079798535
0.5013026	23420.738	3.0751953	0.080189638
0.50258565	23481.512	3.0849609	0.080380462
0.50575066	23551.199	3.0947266	0.080683433
0.50610375	23601.912	3.1044922	0.080827892
0.5076952	23668.092	3.1142578	0.081171088
0.50908554	23727.018	3.1240234	0.081457928
0.51193309	23791.723	3.1337891	0.08170265
0.5131669	23850.506	3.1435547	0.081969462
0.51376152	23914.883	3.1533203	0.082326621
0.51598322	23969.66	3.1630859	0.082495965
0.51873255	24034.773	3.1728516	0.08277519
0.51938963	24094.91	3.1826172	0.083060421
0.52192438	24158.463	3.1923828	0.08341907
0.52272451	24215.664	3.2021484	0.083672129
0.52383769	24275.682	3.2119141	0.083973803
0.52549171	24335.582	3.2216797	0.084102005
0.52692223	24395.867	3.2314453	0.084347628
0.52934515	24449.277	3.2412109	0.084720634
0.53200054	24515.664	3.2509766	0.084966116
0.53343105	24570.873	3.2607422	0.085278578
0.53509402	24633.361	3.2705078	0.085499935
0.53692687	24686.506	3.2802734	0.085881956
0.53712356	24747.762	3.2900391	0.086071916
0.53872836	24808.373	3.2998047	0.086329482
0.54042709	24867.063	3.3095703	0.086616322
0.54197383	24923.543	3.3193359	0.086770765
0.5446918	24984.287	3.3291016	0.087147124
0.54481697	25038.783	3.3388672	0.087348454
0.54756629	25098.764	3.3486328	0.087650694
0.54880452	25152.07	3.3583984	0.088027894
0.54995346	25215.688	3.3681641	0.088240676
0.55217516	25269.359	3.3779297	0.088441625
0.55324364	25329.934	3.3876953	0.088789493
0.55583644	25386.371	3.3974609	0.089007311
0.55688691	25447.531	3.4072266	0.089307837
0.5576067	25499.191	3.4169922	0.089582533
0.55965853	25562.223	3.4267578	0.089871623
0.56172383	25618.764	3.4365234	0.090105489
0.56408417	25684.367	3.4462891	0.090455145
0.5662657	25739.406	3.4560547	0.090630911
0.56694973	25800.662	3.4658203	0.091026299
0.56821477	25855.432	3.4755859	0.091299348
0.57055283	25914.467	3.4853516	0.091605641
0.57275224	25974.385	3.4951172	0.091941923
0.57372677	26035.201	3.5048828	0.092186801
0.5755372	26090.926	3.5146484	0.092454486
0.57674873	26149.578	3.5244141	0.09281256
0.57870221	26207.996	3.5341797	0.093106151
0.58036971	26265.824	3.5439453	0.093362637
0.5821712	26321.297	3.5537109	0.093588844
0.58406222	26381.229	3.5634766	0.093935281
0.58487582	26434.539	3.5732422	0.094202444
0.58712888	26491.787	3.5830078	0.094461717
0.5887605	26547.861	3.5927734	0.094721295
0.59041011	26604.264	3.6025391	0.095045321
0.5914427	26660.127	3.6123047	0.0953082
0.59324431	26716.197	3.6220703	0.095675699
0.59417415	26768.762	3.6318359	0.095915876
0.59737492	26826.648	3.6416016	0.096151762
0.59824216	26874.355	3.6513672	0.096477151
0.6000526	26936.504	3.6611328	0.096738435
0.60133564	26984.09	3.6708984	0.097040713
0.60345459	27042.846	3.6806641	0.097295187
0.60476887	27096.277	3.6904297	0.097503006
0.60564053	27148.9	3.7001953	0.097934
0.60856414	27202.992	3.7099609	0.098155662
0.61044168	27256.418	3.7197266	0.098467395
0.61213148	27309.791	3.7294922	0.098648794
0.61337423	27366.879	3.7392578	0.099005759
0.61510432	27418.957	3.7490234	0.099210799
0.61720085	27470.125	3.7587891	0.099524379
0.61833632	27521.908	3.7685547	0.099831626
0.62045527	27576.33	3.7783203	0.1001946
0.62110794	27626.443	3.7880859	0.10043063
0.62265921	27680.758	3.7978516	0.10071842
0.62422383	27730.598	3.8076172	0.10104981
0.62657964	27785.982	3.8173828	0.10135335
0.62730837	27837.783	3.8271484	0.10162671
0.62821579	27889.744	3.8369141	0.10198183
0.63096058	27945.33	3.8466797	0.10217114
0.63163114	27996.475	3.8564453	0.1023952
0.63392448	28045.707	3.8662109	0.10267431
0.63596737	28101.23	3.8759766	0.10296215
0.63714314	28150.275	3.8857422	0.10329353
0.63882399	28204.602	3.8955078	0.10348027
0.64004433	28259.6	3.9052734	0.1038525
0.64306188	28313.91	3.9150391	0.10424799
0.64396036	28366.256	3.9248047	0.10449918
0.64494383	28415.207	3.9345703	0.1047062
0.64747405	28468.438	3.9443359	0.10509124
0.64869893	28521.934	3.9541016	0.10525981
0.65022779	28570.563	3.9638672	0.10557699
0.65215456	28621.773	3.9736328	0.10594893
0.65353584	28673.545	3.9833984	0.10612626
0.65656233	28723.727	3.9931641	0.1064819
0.65669191	28776.498	4.0029297	0.10673748
0.65860522	28831.783	4.0126953	0.10700835
0.66029501	28879.059	4.0224609	0.10732688
0.66204298	28928.48	4.0322266	0.10764629
0.66380429	28980.438	4.0419922	0.10789054
0.66553879	29027.764	4.0517578	0.1081434
0.66688883	29076.064	4.0615234	0.10858795
0.66789913	29126.748	4.0712891	0.10884175
0.67092109	29181.818	4.0810547	0.10910235
0.67231584	29227.266	4.0908203	0.10940299
0.67340207	29279.285	4.1005859	0.10972384
0.67512321	29334.15	4.1103516	0.11000815
0.67641509	29380.498	4.1201172	0.11029695
0.67853403	29428.518	4.1298828	0.11056715
0.68076026	29484.537	4.1396484	0.11086961
0.68140852	29529.539	4.1494141	0.1112625
0.68366599	29581.662	4.1591797	0.1114499
0.68452883	29629.699	4.1689453	0.11173103
0.68655837	29683.07	4.1787109	0.11208116
0.687886	29730.641	4.1884766	0.11228002
0.68972778	29779.447	4.1982422	0.11272772
0.69193614	29826.186	4.2080078	0.1128199
0.69273186	29877.594	4.2177734	0.11324716
0.69354105	29920.924	4.2275391	0.11359579
0.6962322	29971.971	4.2373047	0.11381617
0.69881153	30016.035	4.2470703	0.11417985
0.69973695	30068.883	4.2568359	0.11438724
0.70050585	30113.107	4.2666016	0.11457302
0.70148933	30166.826	4.2763672	0.11501041
0.70479739	30211.262	4.2861328	0.11534936
0.7061832	30265.629	4.2958984	0.11556754
0.70850325	30306.648	4.3056641	0.11590049
0.70891011	30359.039	4.3154297	0.11617091
0.71083236	30404.893	4.3251953	0.11654216
0.71290207	30450.357	4.3349609	0.11677933
0.71418512	30500.646	4.3447266	0.11710173
0.71588826	30550.01	4.3544922	0.11747152
0.71738136	30595.727	4.3642578	0.11771362
0.7187314	30645.016	4.3740234	0.11796626
0.72085488	30691.447	4.3837891	0.11825191
0.72179806	30743.178	4.3935547	0.11856809
0.72387683	30786.977	4.4033203	0.11890209
0.72559345	30837.971	4.4130859	0.11913768
0.72752464	30881.867	4.4228516	0.11944697
0.72768557	30934.244	4.4326172	0.11973648
0.73115897	30980.518	4.4423828	0.12003357
0.73195469	31030.285	4.4521484	0.1203402
0.732898	31076.334	4.4619141	0.1206464
0.73550868	31128.57	4.4716797	0.12095
0.73722076	31169.928	4.4814453	0.12125309
0.73921907	31221.527	4.4912109	0.12159422
0.74028301	31266.662	4.5009766	0.12189939
0.74095798	31310.691	4.5107422	0.12220361
0.74383247	31356.576	4.5205078	0.12240461
0.74392188	31408.654	4.5302734	0.12271532
0.746984	31449.5	4.5400391	0.12300533
0.74870515	31496.369	4.5498047	0.12324651
0.74921477	31539.998	4.5595703	0.12351476
0.75119066	31587.375	4.5693359	0.12388735
0.75338554	31631.455	4.5791016	0.12419507
0.75461495	31678.697	4.5888672	0.12462838
0.75617504	31721.912	4.5986328	0.12484918
0.75822699	31771.215	4.6083984	0.12508133
0.75968432	31813.338	4.6181641	0.12539119
0.76098967	31863.197	4.6279297	0.12573279
0.76282251	31904.014	4.6376953	0.12592494
0.76448989	31957.354	4.6474609	0.12636904
0.76617074	31999.021	4.6572266	0.12659481
0.76771307	32043.689	4.6669922	0.1269618
0.76950121	32083.469	4.6767578	0.12715043
0.77098978	32135.133	4.6865234	0.12754431
0.7715441	32172.58	4.6962891	0.12779664
0.77503991	32219.182	4.7060547	0.12811539
0.77610838	32263.172	4.7158203	0.1283126
0.77744949	32311.703	4.7255859	0.12860358
0.77827644	32352.672	4.7353516	0.12889685
0.78126717	32402.645	4.7451172	0.12925102
0.78222382	32441.566	4.7548828	0.12945746
0.78477633	32492.676	4.7646484	0.12978774
0.78499091	32533.467	4.7744141	0.13010889
0.78672993	32584.113	4.7841797	0.13043104
0.78921986	32623.238	4.7939453	0.13065581
0.79015863	32677.646	4.8037109	0.13099881
0.79136562	32718.898	4.8134766	0.13132672
0.79447258	32766.17	4.8232422	0.1316006
0.79554546	32807.938	4.8330078	0.13196765
0.79638588	32858.047	4.8427734	0.13222256
0.79802203	32899.688	4.8525391	0.1325143
0.80007386	32951.684	4.8623047	0.13288073
0.80204535	32990.547	4.8720703	0.13316613
0.80415976	33039.645	4.8818359	0.13347925
0.80444145	33082.344	4.8916016	0.13363759
0.8069135	33132.07	4.9013672	0.13411856
0.80892074	33173.352	4.9111328	0.1343244
0.809551	33229.105	4.9208984	0.13468966
0.81197846	33268.754	4.9306641	0.13498658
0.81364143	33319.016	4.9404297	0.13534161
0.81437004	33362.961	4.9501953	0.13555147
0.81730711	33412.316	4.9599609	0.13590685
0.81762898	33457.188	4.9697266	0.13618818
0.82017708	33504.523	4.9794922	0.13650279
0.82247484	33544.668	4.9892578	0.1367873
0.82320344	33596.84	4.9990234	0.13717735
0.82591248	33639.141	5.0087891	0.13742386
0.82822812	33686.914	5.0185547	0.13777861
0.82851875	33736.977	5.0283203	0.13812579
0.83095062	33781.125	5.0380859	0.13839884
0.83150041	33821.961	5.0478516	0.1387623
0.83315003	33873.672	5.0576172	0.1390503
0.83525109	33910.844	5.0673828	0.1393187
0.83624792	33958.582	5.0771484	0.13957231
0.83892119	33996.898	5.0869141	0.13993227
0.84013712	34041.77	5.0966797	0.14024621
0.84152746	34084.711	5.1064453	0.14044619
0.84284616	34124.414	5.1162109	0.14085567
0.84469247	34166.551	5.1259766	0.14109886
0.84675777	34209.504	5.1357422	0.14139985
0.84741485	34248.297	5.1455078	0.14171134
0.85033405	34294.82	5.1552734	0.14198223
0.85126388	34331.688	5.1650391	0.14231522
0.85234118	34378.809	5.1748047	0.14262736
0.85391033	34421.871	5.1845703	0.14286815
0.85550177	34464.805	5.1943359	0.14316301
0.85835826	34507.117	5.2041016	0.14344051
0.85883212	34551.508	5.2138672	0.14382124
0.86140704	34588.328	5.2236328	0.14402854
0.86364675	34637.492	5.2333984	0.14447272
0.86429489	34679.098	5.2431641	0.14471786
0.86535442	34726.063	5.2529297	0.1449479
0.86748672	34767.887	5.2626953	0.1452418
0.86956096	34814.699	5.2724609	0.14560065
0.87052214	34858.305	5.2822266	0.14600672
0.87228787	34907.59	5.2919922	0.14624555
0.87462139	34946.922	5.3017578	0.14658991
0.87637377	34996.922	5.3115234	0.1468146
0.87760758	35034.789	5.3212891	0.14709644
0.87914097	35080.191	5.3310547	0.14747788
0.88042843	35124.758	5.3408203	0.14774224
0.88336992	35166.367	5.3505859	0.14813933
0.88342357	35210.746	5.3603516	0.14835905
0.8861773	35258.238	5.3701172	0.14871271
0.88669133	35298.078	5.3798828	0.14900532
0.88915455	35342.191	5.3896484	0.14935242
0.89030337	35384.551	5.3994141	0.149629
0.89240003	35425.031	5.4091797	0.14992492
0.89351761	35470.145	5.4189453	0.15029179
0.89653063	35515.328	5.4287109	0.15053986
0.89790297	35554.164	5.4384766	0.15085453
0.89854228	35602.258	5.4482422	0.15112242
0.90011132	35640.332	5.4580078	0.15145881
0.90177429	35687.02	5.4677734	0.15169746
0.9031378	35728.379	5.4775391	0.15207346
0.90519416	35764.105	5.4873047	0.15226813
0.9069376	35804.695	5.4970703	0.15261947
0.90821612	35845.789	5.5068359	0.15288931
0.91047812	35888.266	5.5166016	0.15325254
0.91247189	35931.375	5.5263672	0.15353255
0.91316473	35969.41	5.5361328	0.15382278
0.91574419	36013.367	5.5458984	0.15404819
0.91720593	36052.539	5.5556641	0.15430279
0.91725063	36091.125	5.5654297	0.15469527
0.91969597	36137.711	5.5751953	0.15485735
0.92112648	36177.824	5.5849609	0.15527432
0.92250335	36215.922	5.5947266	0.15553463
0.92357624	36261.691	5.6044922	0.15584062
0.9261198	36303.824	5.6142578	0.1561849
0.92772019	36346.035	5.6240234	0.15651408
0.92887807	36388.23	5.6337891	0.1567377
0.93170333	36426.887	5.6435547	0.15718119
0.93206537	36473.594	5.6533203	0.15748058
0.93497109	36508.996	5.6630859	0.15770832
0.9357177	36551.609	5.6728516	0.1579694
0.93808699	36594.492	5.6826172	0.15825102
0.93942809	36633.664	5.6923828	0.15848257
0.94006729	36671.137	5.7021484	0.15887888
0.94293725	36715.867	5.7119141	0.15912779
0.94348717	36752.805	5.7216797	0.15948306
0.94466734	36800.516	5.7314453	0.15972127
0.94690692	36837.574	5.7412109	0.16002887
0.94923151	36874.492	5.7509766	0.16034336
0.95001829	36920.355	5.7607422	0.16064124
0.95139968	36959.262	5.7705078	0.16089934
0.95332634	37000.91	5.7802734	0.16113317
0.9550519	37041.934	5.7900391	0.16145238
0.95677745	37080.395	5.7998047	0.16181667
0.95783246	37125.953	5.8095703	0.16199687
0.95951331	37160.883	5.8193359	0.16224341
0.96123445	37202.004	5.8291016	0.16254723
0.96180212	37244.09	5.8388672	0.16279458
0.96514595	37286.695	5.8486328	0.16329177
0.96709502	37329.219	5.8583984	0.16353062
0.96793103	37373.484	5.8681641	0.16384743
0.96931231	37414.57	5.8779297	0.16419037
0.97123909	37457.781	5.8876953	0.16447884
0.97353232	37501.359	5.8974609	0.16478112
0.97503436	37547.875	5.9072266	0.16517578
0.97494054	37585.066	5.9169922	0.16539843
0.97895491	37630.094	5.9267578	0.16569577
0.97981763	37670.504	5.9365234	0.16595672
0.98103356	37715.68	5.9462891	0.16632317
0.9831481	37755.582	5.9560547	0.16658524
0.98471272	37801.871	5.9658203	0.16691098
0.9859376	37838.785	5.9755859	0.1672288
0.98858404	37885.43	5.9853516	0.16749251
0.99025142	37923.344	5.9951172	0.16784039
0.99155676	37968.668	6.0048828	0.16814381
0.9930588	38007.125	6.0146484	0.1683943
0.99465024	38057.402	6.0244141	0.16872016
0.99648762	38093.141	6.0341797	0.16902435
0.9978689	38139.492	6.0439453	0.16936259
0.9994514	38176.781	6.0537109	0.16964854
1.0018922	38223.535	6.0634766	0.16995592
1.0028713	38266.32	6.0732422	0.1702241
1.0051377	38316.391	6.0830078	0.17054468
1.0051466	38352.906	6.0927734	0.17078331
1.0073059	38406.32	6.1025391	0.17122389
1.0109268	38444.348	6.1123047	0.17147556
1.011727	38492.918	6.1220703	0.17176396
1.0139756	38530.68	6.1318359	0.17208214
1.0148562	38577.5	6.1416016	0.17241153
1.0156966	38614.727	6.1513672	0.17277738
1.0179139	38664.852	6.1611328	0.17312533
1.0198675	38698.805	6.1708984	0.17335109
1.020708	38748.883	6.1806641	0.17374064
1.0227643	38787.516	6.1904297	0.17394072
1.024919	38828.41	6.2001953	0.17434216
1.0255851	38869.973	6.2099609	0.17459805
1.028549	38910.652	6.2197266	0.17499906
1.0293849	38949.891	6.2294922	0.17519666
1.03141	38996.305	6.2392578	0.17549057
1.0330461	39031.383	6.2490234	0.17584044
1.0342352	39075.211	6.2587891	0.17615451
1.0365509	39108.555	6.2685547	0.17638847
1.0375745	39155.969	6.2783203	0.17674378
1.0403507	39191.203	6.2880859	0.17702213
1.0413475	39234.367	6.2978516	0.17738307
1.043015	39272.262	6.3076172	0.17772225
1.0445975	39314.508	6.3173828	0.17792141
1.0452591	39347.438	6.3271484	0.17824221
1.0475569	39394.082	6.3369141	0.17847542
1.0491349	39426.586	6.3466797	0.17883146
1.0512404	39471.066	6.3564453	0.17913903
1.0527693	39506.492	6.3662109	0.17935386
1.0543473	39548.371	6.3759766	0.17974535
1.0556973	39585.016	6.3857422	0.17999746
1.0569669	39625.012	6.3955078	0.18030781
1.0585941	39659.195	6.4052734	0.1806341
1.060503	39705.68	6.4150391	0.18096383
1.0618217	39738.348	6.4248047	0.1811296
1.0627203	39780.16	6.4345703	0.18152872
1.0652863	39816.223	6.4443359	0.18186279
1.0672085	39858.051	6.4541016	0.18211958
1.0676957	39895.809	6.4638672	0.1822959
1.0701321	39938.621	6.4736328	0.18272321
1.0718621	39970.883	6.4833984	0.18295301
1.0722287	40013.957	6.4931641	0.18321207
1.0745846	40047.352	6.5029297	0.18352284
1.0760016	40093.957	6.5126953	0.18386342
1.0776378	40131.598	6.5224609	0.18410103
1.0798193	40176.273	6.5322266	0.18447828
1.0811381	40214.238	6.5419922	0.18473369
1.0839142	40252.438	6.5517578	0.18501101
1.0845847	40290.551	6.5615234	0.18534321
1.0860242	40330.816	6.5712891	0.18555021
1.0873877	40366.539	6.5810547	0.18593149
1.0896229	40409.5	6.5908203	0.18608738
1.0908432	40446.383	6.6005859	0.18644281
1.0914243	40485.93	6.6103516	0.18680111
1.0939412	40519.164	6.6201172	0.18706544
1.0957695	40566.398	6.6298828	0.18736939
1.0979779	40599.297	6.6396484	0.18763509
1.0979735	40646.496	6.6494141	0.18801238
1.1002041	40680.027	6.6591797	0.18815069
1.1022426	40723.652	6.6689453	0.18848199
1.104138	40758.586	6.6787109	0.18875085
1.1048533	40799.055	6.6884766	0.18912657
1.106932	40836.422	6.6982422	0.18941399
1.1089169	40876.152	6.7080078	0.18972406
1.1095785	40913.707	6.7177734	0.18997444
1.1121713	40959.109	6.7275391	0.19031821
1.1131727	40996.938	6.7373047	0.19062653
1.1155151	41034.109	6.7470703	0.19084489
1.1167221	41073.055	6.7568359	0.19111323
1.1176966	41109.879	6.7666016	0.1914243
1.119668	41149.68	6.7763672	0.19168715
1.121179	41189.762	6.7861328	0.19204322
1.122529	41228.348	6.7958984	0.19228694
1.1246033	41270.266	6.8056641	0.19254988
1.1260248	41307.762	6.8154297	0.19291481
1.1280857	41351.527	6.8251953	0.19319187
1.1292391	41389.133	6.8349609	0.19348715
1.1309199	41428.621	6.8447266	0.19376242
1.132422	41472.906	6.8544922	0.19409524
1.1352293	41514.859	6.8642578	0.19438049
1.1359535	41547.445	6.8740234	0.1947054
1.1368566	41593.891	6.8837891	0.19499908
1.1401289	41633.762	6.8935547	0.19523832
1.1408396	41674.535	6.9033203	0.19558616
1.142127	41714.969	6.9130859	0.19587967
1.1444561	41757.684	6.9228516	0.19613123
1.1452831	41798.648	6.9326172	0.1964833
1.1481129	41837.832	6.9423828	0.1967122
1.1492975	41872.414	6.9521484	0.19707666
1.1508577	41918.121	6.9619141	0.1974204
1.152087	41957.738	6.9716797	0.19766384
1.1547245	41997.313	6.9814453	0.19803503
1.1555426	42040.227	6.9912109	0.19836006
1.1574961	42080.426	7.0009766	0.19856921
1.1586763	42119.516	7.0107422	0.19893983
1.1605359	42166.164	7.0205078	0.1991998
1.1626594	42202.012	7.0302734	0.1995343
1.1644565	42248.508	7.0400391	0.19983679
1.1652522	42287.754	7.0498047	0.20003614
1.1683367	42330.016	7.0595703	0.20041017
1.168672	42369.625	7.0693359	0.20067941
1.1706836	42410.656	7.0791016	0.20097126
1.1727982	42450.469	7.0888672	0.20131561
1.1737727	42489.5	7.0986328	0.20163514
1.1753596	42526.145	7.1083984	0.20194684
1.1773891	42570.82	7.1181641	0.20214082
1.1794991	42607.844	7.1279297	0.20252293
1.1804156	42644.965	7.1376953	0.20276503
1.1825882	42688.008	7.1474609	0.2030666
1.1839651	42725.543	7.1572266	0.20341353
1.1858069	42767.172	7.1669922	0.20365168
1.1861153	42801.879	7.1767578	0.20390844
1.1892759	42842.742	7.1865234	0.20431708
1.1902637	42880.281	7.1962891	0.20465147
1.1920072	42923.664	7.2060547	0.20490922
1.1939384	42957.309	7.2158203	0.20523369
1.1953198	43000.285	7.2255859	0.20545869
1.1965848	43037.57	7.2353516	0.20575275
1.1988335	43075.559	7.2451172	0.2060699
1.1993475	43117.078	7.2548828	0.20639607
1.2017347	43154.539	7.2646484	0.20675012
1.2032546	43194.348	7.2744141	0.20692852
1.2045867	43233.445	7.2841797	0.20725335
1.2063928	43271.289	7.2939453	0.20755781
1.2088515	43311.688	7.3037109	0.20789301
1.2101703	43347.84	7.3134766	0.20817234
1.2115561	43387.867	7.3232422	0.20839332
1.2133844	43425.891	7.3330078	0.20865598
1.2152665	43461.688	7.3427734	0.20905863
1.2160487	43498.895	7.3525391	0.20932151
1.2175732	43537.293	7.3623047	0.20962933
1.2191378	43574.27	7.3720703	0.20990099
1.2205772	43615.539	7.3818359	0.21016937
1.2230002	43649.402	7.3916016	0.21042824
1.2246675	43691.297	7.4013672	0.21075007
1.2257986	43732.594	7.4111328	0.21114133
1.2271844	43775.129	7.4208984	0.21135443
1.2289501	43813.141	7.4306641	0.21177155
1.2311943	43862.273	7.4404297	0.21198785
1.2322627	43896.242	7.4501953	0.21230675
1.2342029	43941.199	7.4599609	0.21259829
1.2364782	43979.387	7.4697266	0.2128973
1.2375556	44023.996	7.4794922	0.21322525
1.2401127	44064.105	7.4892578	0.21359216
1.2411721	44104.887	7.4990234	0.21384479
1.2421645	44142.223	7.5087891	0.214194
1.2443684	44184.141	7.5185547	0.21454106
1.2470193	44219.52	7.5283203	0.21480405
1.2481951	44265.957	7.5380859	0.21504889
1.2493707	44301.945	7.5478516	0.21539277
1.2511767	44340.66	7.5576172	0.21566261
1.2533314	44379.492	7.5673828	0.21599892
1.2541585	44417.5	7.5771484	0.2163078
1.2561746	44454.406	7.5869141	0.21654086
1.2584769	44495.488	7.5966797	0.21679857
1.2597777	44530.926	7.6064453	0.21721211
1.2601935	44565.82	7.6162109	0.21741906
1.2624018	44598.789	7.6259766	0.21772619
1.2639798	44638.602	7.6357422	0.21794707
1.2656652	44677.902	7.6455078	0.21831621
1.26689	44715.293	7.6552734	0.21860906
1.2692146	44749.168	7.6650391	0.21891348
1.271262	44791.926	7.6748047	0.21915683
1.2714856	44818.563	7.6845703	0.21946734
1.2737877	44859.949	7.6943359	0.21980762
1.2753479	44889.285	7.7041016	0.22005828
1.2765772	44931.477	7.7138672	0.22033069
1.2780793	44962.523	7.7236328	0.22058518
1.2804933	45006.895	7.7333984	0.22085665
1.2819104	45041.648	7.7431641	0.22113539
1.2831397	45083.02	7.7529297	0.22147192
1.2851782	45121.41	7.7626953	0.22176045
1.2869172	45165.703	7.7724609	0.22206503
1.2881153	45200.387	7.7822266	0.22238386
1.2890495	45243.922	7.7919922	0.22272919
1.2920983	45279.273	7.8017578	0.22296521
1.2938685	45325.898	7.8115234	0.22327016
1.29449	45357.691	7.8212891	0.22355485
1.2963004	45399.828	7.8310547	0.22386563
1.2975968	45436.648	7.8408203	0.22422145
1.2995548	45480.277	7.8505859	0.22442457
1.3014234	45510.98	7.8603516	0.22483706
1.3036184	45551.863	7.8701172	0.22501734
1.3052635	45588.715	7.8798828	0.22530249
1.3059341	45629.867	7.8896484	0.22569582
1.3075613	45663.492	7.8994141	0.22599311
1.3096087	45705.129	7.9091797	0.22620983
1.31023	45736.191	7.9189453	0.22647817
1.3130374	45778.727	7.9287109	0.22678585
1.3149239	45808.953	7.9384766	0.22699286
1.3152503	45849.176	7.9482422	0.22742106
1.3174944	45884.523	7.9580078	0.22763579
1.3184063	45922.836	7.9677734	0.2279018
1.3198323	45957.023	7.9775391	0.22817223
1.3221748	46001.449	7.9873047	0.2284804
1.3226621	46032.043	7.9970703	0.22870979
1.325702	46071.926	8.0068359	0.22912329
1.3269312	46106.477	8.0166016	0.2293539
1.3285584	46144.805	8.0263672	0.22964124
1.3298683	46177.789	8.0361328	0.23000216
1.3310708	46216.742	8.0458984	0.23022601
1.3333373	46248.18	8.0556641	0.23046531
1.3352103	46293.098	8.0654297	0.23072551
1.3364799	46321.484	8.0751953	0.23106357
1.3371192	46356.629	8.0849609	0.23124741
1.3396002	46377.855	8.0947266	0.23147814
1.3401144	46407.172	8.1044922	0.23180576
1.3426982	46436.016	8.1142578	0.23210174
1.343999	46479.18	8.1240234	0.2323591
1.3466008	46513.445	8.1337891	0.23266038
1.3479017	46573.086	8.1435547	0.23299137
1.3496809	46616.059	8.1533203	0.23332535
1.3515897	46671.527	8.1630859	0.23365392
1.3520949	46711.117	8.1728516	0.2340257
1.3538204	46758.785	8.1826172	0.23435231
1.3563819	46797.414	8.1923828	0.23461568
1.3578885	46842.875	8.2021484	0.23491982
1.3599671	46881.531	8.2119141	0.23519154
1.3610356	46927.238	8.2216797	0.2355116
1.3630964	46969.785	8.2314453	0.23585597
1.3645447	47015.855	8.2412109	0.23621248
1.3655998	47054.582	8.2509766	0.23647191
1.3684027	47102.578	8.2607422	0.23681088
1.369422	47139.063	8.2705078	0.2370827
1.3708479	47186.203	8.2802734	0.23731107
1.3732619	47221.496	8.2900391	0.23771545
1.3752199	47266	8.2998047	0.23801011
1.3775356	47301.734	8.3095703	0.23830724
1.3785146	47348.648	8.3193359	0.23869273
1.3801284	47386.34	8.3291016	0.23895991
1.3822294	47424.723	8.3388672	0.23927638
1.3841383	47459.836	8.3486328	0.23952577
1.3855822	47505.906	8.3583984	0.23991555
1.3875358	47542.977	8.3681641	0.24013665
1.3886578	47580.199	8.3779297	0.24045706
1.3903297	47615.504	8.3876953	0.24074414
1.3914429	47653.238	8.3974609	0.24101618
1.3937093	47689.277	8.4072266	0.24140856
1.395417	47719.324	8.4169922	0.24168989
1.3974555	47750.426	8.4267578	0.2419485
1.3986312	47784.871	8.4365234	0.24219893
1.4000036	47813.359	8.4462891	0.24245785
1.4012463	47849.621	8.4560547	0.242676
1.4036648	47876.566	8.4658203	0.24307705
1.4045768	47912.672	8.4755859	0.24328008
1.405605	47941.363	8.4853516	0.24354029
1.4075361	47973.906	8.4951172	0.24380621
1.4096237	48005.727	8.5048828	0.24411513
1.4105089	48039.336	8.5146484	0.24450462
1.4125251	48074.246	8.5244141	0.24468602
1.4133208	48106.84	8.5341797	0.24497074
1.4157839	48137.145	8.5439453	0.2451992
1.4172949	48172.668	8.5537109	0.24557361
1.4192663	48204.605	8.5634766	0.24572314
1.4201916	48239.801	8.5732422	0.24600983
1.4209248	48269.313	8.5830078	0.24631763
1.4226102	48308.98	8.5927734	0.24661323
1.4237322	48338.508	8.6025391	0.24674641
1.4255561	48376.035	8.6123047	0.24720381
1.4280998	48410.465	8.6220703	0.24737656
1.4296867	48445.66	8.6318359	0.24771515
1.4302098	48485.41	8.6416016	0.24795264
1.4317073	48522.16	8.6513672	0.24827546
1.4330082	48556.383	8.6611328	0.24858832
1.4342107	48595.063	8.6708984	0.24886853
1.4363564	48629.031	8.6806641	0.24921632
1.4378541	48668.23	8.6904297	0.24948685
1.4393873	48705.914	8.7001953	0.24962184
1.4418103	48745.766	8.7099609	0.24994686
1.4438934	48785.039	8.7197266	0.25034371
1.4455653	48822.293	8.7294922	0.25054643
1.4471166	48864.859	8.7392578	0.25089139
1.4476173	48903.035	8.7490234	0.25111559
1.4510505	48943.219	8.7587891	0.25152847
1.4512919	48983.16	8.7685547	0.25175908
1.4537461	49023.883	8.7783203	0.25215992
1.4552884	49065.621	8.7880859	0.25243774
1.4567859	49109.285	8.7978516	0.25276724
1.4583863	49148.52	8.8076172	0.25306657
1.4598303	49190.188	8.8173828	0.25334549
1.4619761	49231.953	8.8271484	0.25355014
1.463098	49271.082	8.8369141	0.25398335
1.4662005	49311.063	8.8466797	0.25422883
1.4671795	49355.902	8.8564453	0.25454935
1.4684491	49391.672	8.8662109	0.25488362
1.470881	49436.727	8.8759766	0.25507334
1.4726781	49471.109	8.8857422	0.25538146
1.4749579	49511.094	8.8955078	0.25573361
1.4755793	49548.816	8.9052734	0.25609747
1.4782034	49589.094	8.9150391	0.25634012
1.4788426	49623.523	8.9248047	0.25658041
1.4807336	49668.285	8.9345703	0.25693721
1.4824234	49705.973	8.9443359	0.25733647
1.4843054	49742.035	8.9541016	0.25748625
1.4858968	49780.551	8.9638672	0.25790825
1.4867641	49819.063	8.9736328	0.25814059
1.4891379	49857.707	8.9833984	0.25838083
1.4912255	49898.441	8.9931641	0.25870496
1.4918334	49933.645	9.0029297	0.25900173
1.4936126	49973.168	9.0126953	0.25938675
1.4954902	50003.48	9.0224609	0.25958687
1.497408	50046.898	9.0322266	0.25994325
1.4987804	50082.789	9.0419922	0.26018715
1.5011944	50119.039	9.0517578	0.26047224
1.5027546	50154.504	9.0615234	0.2609053
1.5032328	50194.066	9.0712891	0.26115292
1.5053607	50225.098	9.0810547	0.2613965
1.5076362	50264.289	9.0908203	0.26169688
1.51098	50298.742	9.1005859	0.26201323
1.5103005	50337.574	9.1103516	0.26217258
1.5121557	50366.277	9.1201172	0.26250714
1.5135549	50405.383	9.1298828	0.26291728
1.5145518	50438.535	9.1396484	0.26313421
1.5175782	50477.418	9.1494141	0.26351312
1.5192233	50508.871	9.1591797	0.26369029
1.5198492	50549.766	9.1689453	0.26409861
1.5209354	50578.715	9.1787109	0.26432797
1.5227907	50619.797	9.1884766	0.26459348
1.5259736	50650.414	9.1982422	0.26486036
1.5266843	50684.441	9.2080078	0.26518589
1.5285306	50718.629	9.2177734	0.2654275
1.5288972	50754.418	9.2275391	0.26573586
1.5312307	50785.301	9.2373047	0.26597086
1.5324779	50823.961	9.2470703	0.26628217
1.5341319	50853.934	9.2568359	0.26653507
1.5358262	50893.359	9.2666016	0.26687825
1.5373774	50924.668	9.2763672	0.26715729
1.5396215	50962.75	9.2861328	0.26743698
1.5401982	50994.629	9.2958984	0.26775658
1.5428625	51031.98	9.3056641	0.26791668
1.5444316	51061.066	9.3154297	0.26821291
1.5456117	51100.25	9.3251953	0.26854086
1.5474312	51131.828	9.3349609	0.26884732
1.5489243	51170.105	9.3447266	0.26917884
1.5490897	51199.137	9.3544922	0.26942936
1.5522457	51237.594	9.3642578	0.26974612
1.5534259	51272.379	9.3740234	0.26991567
1.5541546	51305.781	9.3837891	0.27032396
1.5569978	51337.984	9.3935547	0.27050918
1.5581734	51376.949	9.4033203	0.27091613
1.5598141	51405.434	9.4130859	0.2711114
1.5613608	51444.094	9.4228516	0.27132404
1.5623085	51471.996	9.4326172	0.27164307
1.5646868	51509.926	9.4423828	0.27184913
1.5651561	51542.609	9.4521484	0.27211344
1.5674717	51575.078	9.4619141	0.27245343
1.5686833	51609.688	9.4716797	0.27275014
1.5703864	51648.113	9.4814453	0.27298561
1.5724562	51683.406	9.4912109	0.27340162
1.5740789	51720.996	9.5009766	0.27359122
1.5753709	51754.703	9.5107422	0.27394906
1.5773065	51789.973	9.5205078	0.27416936
1.5781738	51826.52	9.5302734	0.27447551
1.5794255	51871.313	9.5400391	0.27478263
1.5822105	51903.438	9.5498047	0.27501994
1.5834175	51943.715	9.5595703	0.27540687
1.585903	51980.492	9.5693359	0.27563402
1.5867032	52019.684	9.5791016	0.27603215
1.5894525	52055.434	9.5888672	0.27628738
1.5899174	52097.34	9.5986328	0.27645788
1.5907578	52131.074	9.6083984	0.27681428
1.593668	52171.234	9.6181641	0.27721149
1.5958048	52201.398	9.6279297	0.27744088
1.59631	52245.172	9.6376953	0.27773234
1.5984155	52279.156	9.6474609	0.27799252
1.5997387	52320.367	9.6572266	0.27833039
1.6013391	52352.234	9.6669922	0.2785823
1.6030513	52394.316	9.6767578	0.27894327
1.6047187	52428.168	9.6865234	0.27920234
1.6073339	52466.453	9.6962891	0.27944666
1.6081877	52498.422	9.7060547	0.27975985
1.6096271	52539.969	9.7158203	0.28003505
1.6112231	52573.016	9.7255859	0.28031617
1.6132302	52611.031	9.7353516	0.28053012
1.6151034	52647.129	9.7451172	0.28091133
1.6161717	52685.598	9.7548828	0.28126314
1.6188406	52722.504	9.7646484	0.28152478
1.619985	52760.434	9.7744141	0.28187111
1.6221755	52788.863	9.7841797	0.28207195
1.6229845	52828.5	9.7939453	0.28231052
1.6241021	52860.551	9.8037109	0.28268158
1.6260422	52901.227	9.8134766	0.28299755
1.6276873	52938.215	9.8232422	0.28326738
1.6305171	52972.629	9.8330078	0.28352314
1.6317285	53008.496	9.8427734	0.28379053
1.6324527	53047.875	9.8525391	0.28411138
1.6343974	53079.473	9.8623047	0.28449342
1.6365118	53121.602	9.8720703	0.28476349
1.6378127	53153.48	9.8818359	0.28502503
1.6397082	53195.73	9.8916016	0.2853345
1.6409867	53225.977	9.9013672	0.28570944
1.6428642	53267.707	9.9111328	0.28596956
1.6450144	53296.766	9.9208984	0.28619167
1.6469054	53336.34	9.9306641	0.28651938
1.6472809	53366.449	9.9404297	0.2868191
1.6502447	53408.832	9.9501953	0.28716072
1.6511075	53440.418	9.9599609	0.28743181
1.6521268	53481.016	9.9697266	0.28756681
1.6530342	53515.352	9.9794922	0.28799939
1.6557522	53555.129	9.9892578	0.28815138
1.6573704	53584.676	9.9990234	0.28847936
1.6597755	53623.566	10.008789	0.28877804
1.6613044	53655.43	10.018555	0.28913182
1.6635216	53696.785	10.02832	0.28931209
1.6641341	53735.445	10.038086	0.28960106
1.6655289	53771.641	10.047852	0.29003271
1.6675092	53808.992	10.057617	0.29022762
1.668743	53845.922	10.067383	0.29059356
1.6711526	53885.316	10.077148	0.29085648
1.6726859	53924.828	10.086914	0.29110244
1.6739376	53959.156	10.09668	0.29146051
1.6756587	53995.699	10.106445	0.29170689
1.6775585	54030.785	10.116211	0.29208797
1.6799413	54065.914	10.125977	0.29230559
1.6809918	54098.43	10.135742	0.2925975
1.6828783	54131.176	10.145508	0.29288867
1.6837455	54168.012	10.155273	0.29315963
1.6861953	54206.242	10.165039	0.29345772
1.6870044	54240.789	10.174805	0.29381937
1.6891457	54275.086	10.18457	0.29407716
1.6903795	54306.742	10.194336	0.29435414
1.69295	54339.613	10.204102	0.29466814
1.6941391	54374.914	10.213867	0.29492348
1.694832	54409.715	10.223633	0.29525986
1.6975366	54443.273	10.233398	0.29548949
1.699356	54474.84	10.243164	0.2957736
1.7013274	54512.746	10.25293	0.29612014
1.7024941	54541.109	10.262695	0.29632294
1.7036028	54576.816	10.272461	0.29664418
1.7053776	54608.648	10.282227	0.29701406
1.7073714	54639.445	10.291992	0.29713055
1.7085426	54672.703	10.301758	0.29741931
1.7094814	54705.91	10.311523	0.29772604
1.7124004	54738.84	10.321289	0.29802361
1.7123289	54771.184	10.331055	0.29832602
1.7150693	54802.418	10.34082	0.29853413
1.7168529	54836.852	10.350586	0.29889491
1.7172329	54869.406	10.360352	0.29905373
1.7189943	54904.004	10.370117	0.29939649
1.7198391	54932.258	10.379883	0.29969335
1.7227985	54966.141	10.389648	0.29999784
1.7232634	54998.051	10.399414	0.30017513
1.7254673	55033.168	10.40918	0.30056125
1.7266519	55065.711	10.418945	0.30078635
1.7282836	55104.59	10.428711	0.30112761
1.7293609	55137.797	10.438477	0.30129471
1.7310418	55172.648	10.448242	0.30174556
1.7330356	55208.203	10.458008	0.30197251
1.7350875	55242.109	10.467773	0.30225855
1.7364062	55279.828	10.477539	0.30248678
1.7389275	55313.109	10.487305	0.30284482
1.7413907	55349.887	10.49707	0.30310342
1.7412878	55385.391	10.506836	0.30343798
1.743304	55419.926	10.516602	0.30369756
1.7445825	55459.84	10.526367	0.30400008
1.7462589	55493.32	10.536133	0.30433181
1.747895	55534.02	10.545898	0.30459413
1.7504029	55563.117	10.555664	0.30487555
1.7518692	55601.668	10.56543	0.30519152
1.7517663	55633.266	10.575195	0.30538413
1.7541312	55672.414	10.584961	0.30573854
1.7565407	55701.781	10.594727	0.30593762
1.7577969	55741.68	10.604492	0.30625266
1.7596476	55775.367	10.614258	0.30658016
1.7609261	55809	10.624023	0.30682656
1.7628349	55844.164	10.633789	0.30713806
1.7643012	55878.418	10.643555	0.30750105
1.7660849	55909.914	10.65332	0.30768508
1.7672248	55949.965	10.663086	0.30792433
1.7694153	55980.605	10.672852	0.30811697
1.770658	56019.973	10.682617	0.3085593
1.7725133	56052.172	10.692383	0.30876458
1.7747216	56090.215	10.702148	0.30904949
1.7752312	56117.352	10.711914	0.30929112
1.7769836	56160.285	10.72168	0.30966336
1.7791427	56194.18	10.731445	0.30987155
1.7808371	56234.426	10.741211	0.31012729
1.7835952	56265.246	10.750977	0.3104867
1.7834611	56303.93	10.760742	0.31082088
1.7857499	56334.348	10.770508	0.31092322
1.788003	56373.418	10.780273	0.31130749
1.7891116	56407.535	10.790039	0.31163299
1.7895453	56443.715	10.799805	0.311939
1.7914898	56474.129	10.80957	0.31222826
1.794865	56514.242	10.819336	0.3124994
1.7946817	56541.059	10.829102	0.31282353
1.7964698	56579.508	10.838867	0.3130717
1.7983698	56608.816	10.848633	0.31333965
1.800739	56648.398	10.858398	0.31361392
1.8020712	56680.707	10.868164	0.31396168
1.8038236	56719.852	10.87793	0.31416491
1.8048115	56743.871	10.887695	0.31444857
1.8069304	56782.594	10.897461	0.31475452
1.8089108	56810.125	10.907227	0.31503549
1.8098586	56850.293	10.916992	0.31531689
1.8114812	56879.539	10.926758	0.31562915
1.813712	56916.504	10.936523	0.31583288
1.8145524	56948.711	10.946289	0.31623629
1.8160276	56987.266	10.956055	0.31643912
1.8182628	57019.43	10.96582	0.31669855
1.8197961	57060.609	10.975586	0.31703803
1.8221385	57093.91	10.985352	0.31735361
1.8239849	57134.656	10.995117	0.31763574
1.8260367	57168.523	11.004883	0.31797805
1.8262602	57206.227	11.014648	0.31824523
1.8288575	57240.492	11.024414	0.31847563
1.8308245	57281.566	11.03418	0.3189595
1.8323176	57310.164	11.043945	0.31911224
1.8329836	57356.688	11.053711	0.31946436
1.8336498	57386.402	11.063477	0.31975257
1.8363677	57422.434	11.073242	0.32011402
1.8389471	57461.691	11.083008	0.32034954
1.8400871	57494.215	11.092773	0.32052827
1.8417008	57528.988	11.102539	0.32084566
1.8442981	57568.992	11.112305	0.32121912
1.8458493	57597.004	11.12207	0.32144913
1.8466092	57636.582	11.131836	0.32173213
1.8487639	57665.063	11.141602	0.32200962
1.8501676	57698.938	11.151367	0.32232413
1.851169	57734.363	11.161133	0.32264468
1.8536054	57772.215	11.170898	0.32292858
1.8551253	57801.816	11.180664	0.32314032
1.8570923	57839.973	11.19043	0.3234714
1.8588848	57868.371	11.200195	0.32377705
1.860065	57901.184	11.209961	0.32410347
1.8611603	57936.039	11.219727	0.32436332
1.8626041	57971.934	11.229492	0.32473099
1.8658317	58000.09	11.239258	0.32496151
1.8675439	58034.02	11.249023	0.32523012
1.868049	58064.32	11.258789	0.32549798
1.8693991	58099.5	11.268555	0.32574126
1.8709861	58129.648	11.27832	0.32613614
1.8718086	58166.113	11.288086	0.32630259
1.8756084	58195.066	11.297852	0.32656482
1.8759258	58232.207	11.307617	0.32692385
1.8781387	58261.676	11.317383	0.3271876
1.8789477	58294.895	11.327148	0.32746118
1.8812143	58324.281	11.336914	0.32786012
1.8825955	58356.871	11.34668	0.32802498
1.8841826	58388.188	11.356445	0.32830393
1.8855863	58422.934	11.366211	0.32856232
1.8863506	58454.617	11.375977	0.32893535
1.8885814	58489.641	11.385742	0.32917836
1.8912412	58523.855	11.395508	0.32943666
1.8918581	58552.828	11.405273	0.32971427
1.8936329	58585.082	11.415039	0.32994413
1.8948399	58617.699	11.424805	0.33029985
1.8969275	58646.156	11.43457	0.33057782
1.8979423	58677.977	11.444336	0.3307763
1.8994086	58710.813	11.454102	0.33107629
1.9027121	58744.25	11.463867	0.33137387
1.9033961	58774.375	11.473633	0.33164546
1.9056313	58808.922	11.483398	0.33186126
1.9059844	58844.008	11.493164	0.33219102
1.9078754	58874.418	11.50293	0.33249089
1.9090064	58901.797	11.512695	0.33272579
1.9112371	58937.008	11.522461	0.33301443
1.9122965	58966.215	11.532227	0.33330953
1.9143753	58999.469	11.541992	0.33360842
1.9160606	59034.234	11.551758	0.33387092
1.9170128	59067.375	11.561523	0.33410206
1.9196637	59096.414	11.571289	0.33438277
1.9216799	59128.777	11.581055	0.33471411
1.9222565	59157.852	11.59082	0.33485776
1.9225829	59194.254	11.600586	0.33520287
1.9252427	59224.703	11.610352	0.33544922
1.926852	59255.387	11.620117	0.33579195
1.9291006	59294.48	11.629883	0.33609191
1.9304596	59324.641	11.639648	0.33629981
1.9322522	59359.316	11.649414	0.33664137
1.9333519	59393.617	11.65918	0.33691776
1.9362308	59428.453	11.668945	0.33724913
1.9368522	59462.578	11.678711	0.33749163
1.9387745	59495.574	11.688477	0.33782092
1.9407816	59532.219	11.698242	0.3380968
1.9408755	59565.668	11.708008	0.3383559
1.9433789	59597.484	11.717773	0.33866003
1.9450463	59633.457	11.727539	0.33896962
1.947505	59670.422	11.737305	0.33922029
1.9485958	59700.203	11.74707	0.33959171
1.9494765	59734.66	11.756836	0.33986694
1.9507326	59769.254	11.766602	0.34015793
1.9539691	59806.375	11.776367	0.34037033
1.9550062	59838.281	11.786133	0.34064326
1.9556545	59870.578	11.795898	0.3409462
1.9587166	59908.238	11.805664	0.34120491
1.9589044	59943.645	11.81543	0.34155926
1.9612067	59974.742	11.825195	0.34184283
1.9629635	60013.809	11.834961	0.34201083
1.9648098	60043.824	11.844727	0.34236568
1.96523	60074.41	11.854492	0.34268427
1.9675903	60111.203	11.864258	0.34297657
1.969821	60142.32	11.874023	0.34315896
1.9708939	60175.34	11.883789	0.34346828
1.9741886	60211.754	11.893555	0.34384453
1.9747384	60242.383	11.90332	0.34408197
1.9760214	60274.121	11.913086	0.34430814
1.9774877	60308.449	11.922852	0.34465438
1.9799374	60339.117	11.932617	0.34488574
1.9829147	60377.809	11.942383	0.34519804
1.9825213	60402.371	11.952148	0.34545526
1.9846536	60440.875	11.961914	0.34578639
1.9852661	60473.883	11.97168	0.34611782
1.9885831	60509.621	11.981445	0.34635255
1.9894414	60541.965	11.991211	0.34668133
1.9914485	60576.383	12.000977	0.34692714
1.9941353	60610.926	12.010742	0.34725133
1.9950606	60645.438	12.020508	0.34754136
1.9971795	60676.547	12.030273	0.34775007
1.9995533	60713.25	12.040039	0.348147
1.9997053	60746.352	12.049805	0.3483558
2.0011761	60778.922	12.05957	0.34867334
2.0031252	60813.227	12.069336	0.34889507
2.0038626	60848.813	12.079102	0.34926459
2.0057895	60882.094	12.088867	0.34952632
2.0080514	60918.875	12.098633	0.34983054
2.0101526	60947.832	12.108398	0.35017872
2.0116098	60986.781	12.118164	0.3504051
2.0140283	61016.316	12.12793	0.35068136
2.0148733	61051.75	12.137695	0.35099399
2.0165272	61084.094	12.147461	0.35131228
2.0181768	61116.621	12.157227	0.35154197
2.0187936	61148.5	12.166992	0.35190508
2.0209887	61182.637	12.176758	0.35210019
2.0226114	61214.555	12.186523	0.3524316
2.0245023	61246.195	12.196289	0.35270172
2.0259104	61278.543	12.206055	0.35292351
2.0276406	61312.672	12.21582	0.35326347
2.0303271	61336.656	12.225586	0.35355112
2.0313017	61378.219	12.235352	0.35383329
2.0329692	61400.918	12.245117	0.35410425
2.0342388	61437.602	12.254883	0.3543345
2.0357409	61468.324	12.264648	0.35464975
2.0368359	61499.508	12.274414	0.35500991
2.0385079	61531.332	12.28418	0.35524097
2.0407834	61564.418	12.293945	0.35552531
2.0422094	61593.035	12.303711	0.35591188
2.0437918	61627.422	12.313477	0.35611728
2.044364	61656.637	12.323242	0.3564117
2.0475068	61688.473	12.333008	0.35672811
2.0486333	61714.848	12.342773	0.35695347
2.0501933	61748.27	12.352539	0.35726041
2.0512753	61776.164	12.362305	0.35740954
2.0539351	61812.813	12.37207	0.35773572
2.0546279	61839.398	12.381836	0.35801557
2.0569167	61868.156	12.391602	0.35829079
2.059	61898.02	12.401367	0.3586441
2.0597556	61935.625	12.411133	0.35887644
2.0608821	61963.133	12.420898	0.35913372
2.0631306	61993.781	12.430664	0.35937351
2.0649276	62026.414	12.44043	0.35961065
2.0658665	62057.969	12.450195	0.35998887
2.0676322	62085.227	12.459961	0.36027405
2.0695143	62123.844	12.469727	0.36051121
2.0709136	62147.668	12.479492	0.36079463
2.0727999	62185.336	12.489258	0.36105645
2.0743065	62212.328	12.499023	0.36138365
2.076184	62246.484	12.508789	0.36164033
2.0784013	62277.445	12.518555	0.36191669
2.0795188	62310.863	12.52832	0.36220902
2.0801134	62336.395	12.538086	0.36253276
2.0829656	62376.902	12.547852	0.36281598
2.084101	62401.633	12.557617	0.36303091
2.0854063	62435.355	12.567383	0.36340237
2.0873599	62461.848	12.577148	0.36369267
2.0893626	62496.254	12.586914	0.3639228
2.0903149	62526.957	12.59668	0.36422926
2.0918615	62561.563	12.606445	0.36442843
2.0943515	62592.219	12.616211	0.36476403
2.094861	62635.77	12.625977	0.36505219
2.0976372	62665.602	12.635742	0.3653658
2.0991883	62704.41	12.645508	0.36566237
2.1003106	62735.797	12.655273	0.36605605
2.10234	62776.242	12.665039	0.36618251
2.1043069	62805.602	12.674805	0.36657208
2.1057107	62846.246	12.68457	0.36689025
2.10677	62878.91	12.694336	0.36711755
2.1102748	62916.543	12.704102	0.36740792
2.1104672	62944.117	12.713867	0.36773509
2.1124654	62980.461	12.723633	0.36811748
2.1140211	63014.293	12.733398	0.36839437
2.1148524	63047.352	12.743164	0.36873987
2.1176152	63085.367	12.75293	0.36899072
2.1203241	63119.43	12.762695	0.36926284
2.1210215	63150.262	12.772461	0.36953831
2.1233552	63182.828	12.782227	0.36985108
2.1246872	63213.875	12.791992	0.37004727
2.1264932	63251.328	12.801758	0.37032604
2.1273739	63279.141	12.811523	0.37070727
2.1290324	63312.934	12.821289	0.37108424
2.1316388	63341.746	12.831055	0.37133679
2.1328726	63380.293	12.84082	0.37161618
2.1345177	63406.105	12.850586	0.37194765
2.1363862	63441.32	12.860352	0.37211972
2.1374903	63464.652	12.870117	0.37254089
2.1392205	63501.965	12.879883	0.3727394
2.1409192	63530.293	12.889648	0.37311956
2.1423407	63566.465	12.899414	0.37334406
2.1442764	63590.141	12.90918	0.3736414
2.1454566	63624.809	12.918945	0.37392315
2.1462255	63652.184	12.928711	0.37421015
2.1488316	63686.867	12.938477	0.37442839
2.1497838	63715.371	12.948242	0.37479371
2.1520727	63746.348	12.958008	0.37501296
2.1540663	63772.691	12.967773	0.37531993
2.1558545	63807.195	12.977539	0.37546113
2.1570482	63840.809	12.987305	0.37580484
2.1581657	63871.73	12.99707	0.37617344
2.1603293	63895.75	13.006836	0.37644795
2.1612413	63928.203	13.016602	0.37662649
2.1631501	63961.063	13.026367	0.37704322
2.1650276	63993.941	13.036133	0.37716627
2.1678486	64023.102	13.045898	0.37752491
2.1686845	64047.578	13.055664	0.37780243
2.1695652	64071.891	13.06543	0.37812161
2.1711788	64105.582	13.075195	0.37830496
2.173043	64131.652	13.084961	0.37872806
2.1739595	64161.469	13.094727	0.37891126
2.1762929	64186.441	13.104492	0.37923998
2.1770351	64218.262	13.114258	0.37954965
2.1791272	64244.941	13.124023	0.3797605
2.1811657	64276.16	13.133789	0.38010114
2.1825156	64303.215	13.143555	0.3803106
2.1828287	64336.898	13.15332	0.3806437
2.1851978	64361.711	13.163086	0.38094944
2.1868877	64390.281	13.172852	0.38117421
2.1885731	64420.113	13.182617	0.38144857
2.1900079	64449.441	13.192383	0.38174695
2.1910272	64482.23	13.202148	0.38204932
2.1930389	64513.105	13.211914	0.38231775
2.1948495	64543.578	13.22168	0.38258311
2.1966197	64576.941	13.231445	0.38284329
2.1985331	64602.98	13.241211	0.38314691
2.1995432	64638.254	13.250977	0.38335294
2.2011034	64669.523	13.260742	0.38366452
2.2028646	64697.746	13.270508	0.38396898
2.2045233	64725.809	13.280273	0.3842904
2.20666	64756.613	13.290039	0.3844879
2.2077687	64788.895	13.299805	0.38478684
2.209168	64818.848	13.30957	0.38509473
2.2103481	64849.258	13.319336	0.38538373
2.2122748	64882.027	13.329102	0.38562763
2.213835	64910.156	13.338867	0.38584298
2.215127	64939.691	13.348633	0.38617605
2.2174337	64974.578	13.358398	0.38648453
2.2190652	65001.129	13.368164	0.38665083
2.2205181	65038.254	13.37793	0.38703936
2.2213049	65066.215	13.387695	0.38728973
2.2245235	65096.777	13.397461	0.38758522
2.2251091	65124.07	13.407227	0.3879382
2.2262759	65157.395	13.416992	0.38821459
2.2279971	65185.996	13.426758	0.38849199
2.2302232	65222.398	13.436523	0.3887248
2.2317567	65253.496	13.446289	0.38898847
2.2321858	65286.867	13.456055	0.38937858
2.2350914	65315.215	13.46582	0.38953075
2.2358603	65348.832	13.475586	0.3898994
2.2376709	65380.57	13.485352	0.39014179
2.238708	65416.008	13.495117	0.39045879
2.2408268	65444.191	13.504883	0.39071384
2.242311	65477.234	13.514648	0.39099222
2.2456684	65510.813	13.524414	0.39135215
2.2464552	65547.594	13.53418	0.39163888
2.2478766	65582.875	13.543945	0.39194635
2.2491686	65617.273	13.553711	0.39224744
2.2511044	65647.57	13.563477	0.39263284
2.2525749	65683.438	13.573242	0.39281535
2.2551634	65715.664	13.583008	0.39308798
2.2549622	65750.969	13.592773	0.39337319
2.2585831	65783.531	13.602539	0.3937273
2.2610106	65818.266	13.612305	0.3940995
2.2611089	65848.078	13.62207	0.39429405
2.2634246	65887.727	13.631836	0.39464086
2.2649131	65918.406	13.641602	0.39495537
2.2664824	65955.664	13.651367	0.39523974
2.2679932	65983.375	13.661133	0.39555475
2.2694461	66013.211	13.670898	0.39576924
2.2718198	66038.742	13.680664	0.39621568
2.2737198	66066.383	13.69043	0.39641434
2.2749982	66093.766	13.700195	0.39665586
2.2760353	66134.281	13.709961	0.39704379
2.2784538	66166.141	13.719727	0.397203
2.2805951	66207.773	13.729492	0.39762563
2.2810199	66234.344	13.739258	0.39791524
2.2833579	66271.602	13.749023	0.39821663
2.284976	66301.656	13.758789	0.39851773
2.2872157	66334.992	13.768555	0.39876524
2.2878997	66359.977	13.77832	0.39902961
2.290859	66395.953	13.788086	0.39927757
2.291266	66424.234	13.797852	0.39971724
2.2927144	66458.258	13.807617	0.39989692
2.2953651	66490.125	13.817383	0.4002625
2.2958121	66523.008	13.827148	0.40058413
2.2983649	66549.883	13.836914	0.40083846
2.2989056	66583.422	13.84668	0.40116116
2.3018427	66617.766	13.856445	0.40145692
2.3036399	66651.469	13.866211	0.40179977
2.3049674	66680.555	13.875977	0.40206721
2.3064919	66718.266	13.885742	0.40247625
2.3077972	66745.188	13.895508	0.40267915
2.3094335	66780.414	13.905273	0.4030056
2.3107209	66805.711	13.915039	0.40326551
2.3141541	66836.75	13.924805	0.4035995
2.3132377	66864.656	13.93457	0.40386349
2.3164651	66892.977	13.944336	0.40419635
2.3166351	66918.633	13.954102	0.40444764
2.3192816	66952.273	13.963867	0.40474626
2.319979	66975.266	13.973633	0.4050281
2.3240559	67010.477	13.983398	0.405292
2.3251333	67035.367	13.993164	0.40557447
2.3247354	67065.266	14.00293	0.405817
2.3279541	67089.656	14.012695	0.40614721
2.3287318	67120.617	14.022461	0.40638813
2.3306944	67141.969	14.032227	0.40667841
2.3320892	67168.781	14.041992	0.40703452
2.3335106	67196.414	14.051758	0.40724084
2.3351111	67224.391	14.061523	0.4074727
2.3370154	67244.273	14.071289	0.40777531
2.3377976	67275.594	14.081055	0.40807191
2.3392551	67294.508	14.09082	0.40837035
2.3409717	67326.242	14.100586	0.40861073
2.3429074	67349.391	14.110352	0.40896747
2.3452096	67383.922	14.120117	0.40921852
2.3454375	67404.352	14.129883	0.40940991
2.3471675	67435.273	14.139648	0.40973791
2.3492596	67459.367	14.149414	0.40992957
2.3499973	67488.781	14.15918	0.41030243
2.3519821	67511.75	14.168945	0.41050464
2.3529835	67541.617	14.178711	0.41076073
2.3546062	67565.875	14.188477	0.41105208
2.3557239	67602.852	14.198242	0.41144922
2.3584552	67625.242	14.208008	0.41161928
2.3595862	67663.641	14.217773	0.41182527
2.3609676	67688.992	14.227539	0.41212088
2.3620851	67722.836	14.237305	0.41251487
2.3647494	67752.438	14.24707	0.41278315
2.3664839	67786.188	14.256836	0.41306302
2.3680799	67816.445	14.266602	0.41339093
2.3695104	67855.391	14.276367	0.41370207
2.371218	67881.992	14.286133	0.41394961
2.3726127	67924.906	14.295898	0.41433322
2.3743114	67951.711	14.305664	0.41455582
2.3760774	67986.336	14.31543	0.41487303
2.3788533	68017.094	14.325195	0.41515607
2.3801587	68053.93	14.334961	0.41543126
2.3816385	68083.555	14.344727	0.41583124
2.3841329	68123.016	14.354492	0.4161391
2.3848572	68148.258	14.364258	0.41643691
2.3866854	68185.016	14.374023	0.41668496
2.3878746	68215.219	14.383789	0.41696113
2.3898282	68247.563	14.393555	0.41721904
2.3904183	68275.648	14.40332	0.41757923
2.3925371	68311.859	14.413086	0.41783547
2.3947768	68340.195	14.422852	0.41809672
2.3964486	68380.797	14.432617	0.41847199
2.3995869	68409.203	14.442383	0.41878861
2.3999848	68445.477	14.452148	0.41920084
2.4008789	68476.406	14.461914	0.41935524
2.4031944	68512.031	14.47168	0.41970047
2.4058766	68547.242	14.481445	0.42004243
2.4070032	68581.047	14.491211	0.42039928
2.4079242	68610.922	14.500977	0.42069501
2.4101906	68647.047	14.510742	0.42099211
2.4112322	68676.492	14.520508	0.4213098
2.4140842	68707.555	14.530273	0.42163089
2.4149022	68740.703	14.540039	0.42197785
2.4172404	68773.055	14.549805	0.42221189
2.4191895	68804.344	14.55957	0.42247817
2.4210176	68840.664	14.569336	0.42279488
2.4229176	68865.086	14.579102	0.42318395
2.4237313	68899.695	14.588867	0.42337468
2.4259217	68929.641	14.598633	0.42372116
2.4278305	68959.797	14.608398	0.42401314
2.4298646	68988.117	14.618164	0.4243592
2.4300165	69020.758	14.62793	0.42453817
2.4330206	69047.367	14.637695	0.42484012
2.434639	69082.594	14.647461	0.42516893
2.4349518	69104.82	14.657227	0.42548612
2.4370618	69139.25	14.666992	0.42579007
2.4391987	69165.016	14.676758	0.42614651
2.440428	69194.102	14.686523	0.42646518
2.4428823	69221.82	14.696289	0.4267233
2.4438701	69248.461	14.706055	0.42705664
2.4460473	69277.672	14.71582	0.42732927
2.4474957	69306.344	14.725586	0.42763624
2.4491765	69332.781	14.735352	0.4279007
2.4497309	69360.063	14.745117	0.42821005
2.4524443	69387.461	14.754883	0.42846617
2.4535217	69414.141	14.764648	0.42885354
2.454988	69441.969	14.774414	0.42907611
2.4565883	69469.422	14.78418	0.42935884
2.4579651	69495.453	14.793945	0.42963013
2.4608531	69527.539	14.803711	0.42986146
2.4616799	69554.023	14.813477	0.43015003
2.4631062	69583.18	14.823242	0.43039197
2.4652071	69609.336	14.833008	0.43074137
2.4672098	69633.281	14.842773	0.4310807
2.4687655	69662.063	14.852539	0.43123803
2.468837	69686.883	14.862305	0.43158275
2.4712286	69711.898	14.87207	0.43196687
2.4725385	69738.773	14.881836	0.43208247
2.4738081	69758.523	14.891602	0.43247384
2.4759717	69789.773	14.901367	0.43274546
2.4773934	69812.734	14.911133	0.43307373
2.4775765	69835.125	14.920898	0.43327174
2.4806969	69860.195	14.930664	0.4334943
2.4814703	69884.125	14.94043	0.43375981
2.4836025	69907.359	14.950195	0.43410826
2.4853907	69934.188	14.959961	0.43440771
2.4868927	69955.32	14.969727	0.43461746
2.4886587	69983.891	14.979492	0.4349626
2.4885602	70009.336	14.989258	0.43513325
2.4904914	70030.078	14.999023	0.43549711
2.4925389	70059.242	15.008789	0.43572363
2.4935133	70082.648	15.018555	0.43606165
2.494859	70112.234	15.02832	0.4363496
2.4960167	70136.5	15.038086	0.43660563
2.4991505	70165.094	15.047852	0.43674883
2.4992666	70187.477	15.057617	0.43713412
2.5015824	70216.656	15.067383	0.43736064
2.5029056	70242.969	15.077148	0.43767712
2.5037103	70274.063	15.086914	0.43793875
2.5058918	70300.07	15.09668	0.43817839
2.5071659	70328.945	15.106445	0.43840203
2.5090747	70358.055	15.116211	0.43880346
2.5107152	70383.078	15.125977	0.43910232
2.512423	70411.383	15.135742	0.43932149
2.5150783	70443.063	15.145508	0.43965232
2.5157444	70470.703	15.155273	0.43990859
2.5169113	70510.25	15.165039	0.44029588
2.5189764	70538.578	15.174805	0.44052958
2.520474	70574.563	15.18457	0.44087082
2.5224545	70605.633	15.194336	0.44109231
2.5247567	70640.227	15.204102	0.44146848
2.5245824	70671.859	15.213867	0.44180796
2.5274792	70707.258	15.223633	0.44210479
2.5294998	70739.531	15.233398	0.44233459
2.5316365	70776.875	15.243164	0.44259048
2.5322132	70810.539	15.25293	0.44298106
2.5343099	70843.555	15.262695	0.44331846
2.5358431	70876.523	15.272461	0.44359294
2.5375507	70911.609	15.282227	0.44396091
2.5398753	70944.977	15.291992	0.44431761
2.541364	70982.031	15.301758	0.44472495
2.5431969	71012.133	15.311523	0.44499481
2.5444574	71049.273	15.321289	0.44518974
2.5456645	71081.219	15.331055	0.44553939
2.5477252	71114.094	15.34082	0.44590259
2.5499828	71145.508	15.350586	0.44619003
2.5513909	71181.477	15.360352	0.44651464
2.5529423	71206.547	15.370117	0.44675499
2.5558791	71245.992	15.379883	0.44720095
2.5573902	71270.539	15.389648	0.44734496
2.5579355	71306.281	15.399414	0.44774619
2.55967	71334.664	15.40918	0.44806132
2.5621109	71365.141	15.418945	0.4483915
2.5627367	71394.492	15.428711	0.44864216
2.5653474	71427.969	15.438477	0.44891658
2.5672607	71452.734	15.448242	0.44925413
2.5698669	71489.102	15.458008	0.4495714
2.5698223	71509.359	15.467773	0.44994345
2.5727637	71547.188	15.477539	0.45020732
2.574914	71570.922	15.487305	0.45050764
2.5754325	71606.445	15.49707	0.4509038
2.6763372	12301.054	15.506836	0.32944405
2.6951439	-7874.5923	15.516602	0.39374366
2.6052275	5251.3833	15.526367	0.23934723
2.6360326	-2203.8804	15.536133	0.30349749
2.6149101	3808.9136	15.545898	0.28902793
2.6503913	-5851.4883	15.555664	0.40565059
2.5806763	4010.4026	15.56543	0.29870555
2.6134887	-1441.3527	15.575195	0.38515979
2.5936134	2305.8157	15.584961	0.35105026
2.6132338	164.67041	15.594727	0.38122389
2.6127777	1277.1245	15.604492	0.35739246
2.6231713	-1311.588	15.614258	0.4108572
2.6035957	1478.5537	15.624023	0.36212665
2.6129165	38.202736	15.633789	0.37973031
2.6104577	615.40442	15.643555	0.35962534
2.6158578	259.03995	15.65332	0.39274466
2.6187816	-54.358971	15.663086	0.39795092
2.6210167	-495.32144	15.672852	0.39555165
2.6163943	-182.01244	15.682617	0.3887772
2.6198857	-223.91579	15.692383	0.40152848
2.6213653	-510.43744	15.702148	0.39999139
2.622541	-333.86087	15.711914	0.3930662
2.6248791	-561.89423	15.72168	0.40037504
2.6265509	-499.46085	15.731445	0.40348417
2.6282318	-482.87573	15.741211	0.40150005
2.6287324	-262.39536	15.750977	0.40364516
2.630172	-301.84293	15.760742	0.41549045
2.631732	-86.166542	15.770508	0.41569263
2.633708	18.613878	15.780273	0.40180096
2.6354604	115.42684	15.790039	0.40963462
2.6351295	213.9738	15.799805	0.41140413
2.6386924	332.42487	15.80957	0.41703191
2.6393943	426.1192	15.819336	0.40883717
2.6411512	443.31583	15.829102	0.41225833
2.6433907	479.02133	15.838867	0.41773042
2.6451252	448.36545	15.848633	0.41245106
2.6474812	417.18176	15.858398	0.41367623
2.6482501	346.0159	15.868164	0.41762957
2.6497743	245.36659	15.87793	0.42159536
2.6509008	131.9662	15.887695	0.42209598
2.6524165	25.746298	15.897461	0.42932615
2.6545398	-85.34803	15.907227	0.42879996
2.6559749	-199.34843	15.916992	0.43275958
2.6574991	-291.65518	15.926758	0.43497708
2.659569	-367.561	15.936523	0.44003093
2.6607714	-406.55701	15.946289	0.43984324
2.6625462	-430.33249	15.956055	0.44180578
2.6631229	-403.22775	15.96582	0.4447878
2.6659927	-376.99683	15.975586	0.4498769
2.6665649	-296.30063	15.985352	0.45186332
2.6676335	-230.08836	15.995117	0.45079488
2.6695869	-107.14936	16.004883	0.45076647
2.6704988	-35.987465	16.014648	0.45336729
2.6717863	86.175629	16.024414	0.4551698
2.6735477	163.76794	16.03418	0.45599094
2.6762567	273.4462	16.043945	0.45763645
2.6763597	326.61948	16.053711	0.45983469
2.6792564	379.90463	16.063477	0.46015486
2.6795068	396.2894	16.073242	0.46224663
2.6815674	398.74554	16.083008	0.46539319
2.6831455	354.65881	16.092773	0.46863529
2.6845448	296.01877	16.102539	0.46913448
2.6861587	227.86343	16.112305	0.47262162
2.6876919	135.83409	16.12207	0.47650662
2.6902087	40.248154	16.131836	0.47992438
2.6914828	-58.828388	16.141602	0.4819684
2.6919835	-151.50755	16.151367	0.48516381
2.6935213	-228.35144	16.161133	0.48783955
2.694469	-298.28436	16.170898	0.49041501
2.6970842	-336.50662	16.180664	0.49307585
2.6981659	-348.60043	16.19043	0.49630183
2.7003698	-350.67123	16.200195	0.49808615
2.7015321	-313.33478	16.209961	0.49876013
2.7023501	-266.2211	16.219727	0.5010407
2.7044423	-192.72197	16.229492	0.50318193
2.7060025	-121.36123	16.239258	0.5052284
2.7072496	-27.479137	16.249023	0.50488251
2.7094715	46.010712	16.258789	0.50727129
2.710674	148.16866	16.268555	0.50882339
2.7126946	201.34229	16.27832	0.5105561
2.7144871	280.83264	16.288086	0.51100624
2.7156003	308.76648	16.297852	0.51331526
2.7174287	334.48196	16.307617	0.51519597
2.7195342	331.34662	16.317383	0.51674688
2.7211525	302.01254	16.327148	0.5198009
2.7231507	266.87363	16.336914	0.52240872
2.723629	191.67841	16.34668	0.52455723
2.7256317	121.19894	16.356445	0.52560705
2.7265749	41.091698	16.366211	0.52946413
2.7288325	-35.214588	16.375977	0.53282535
2.7307146	-123.67068	16.385742	0.53557271
2.7326412	-187.62297	16.395508	0.53672415
2.733942	-243.89172	16.405273	0.53990269
2.7357123	-277.70084	16.415039	0.54216063
2.7370534	-296.46011	16.424805	0.54405206
2.7385287	-297.56616	16.43457	0.54550332
2.7399547	-262.57849	16.444336	0.54801077
2.7407506	-224.09705	16.454102	0.54884332
2.7427039	-169.99269	16.463867	0.54934436
2.7455382	-98.630325	16.473633	0.55142653
2.7459898	-33.621326	16.483398	0.55282998
2.7471385	44.82444	16.493164	0.55364925
2.7489803	107.35157	16.50293	0.55335766
2.7505047	182.69044	16.512695	0.55582416
2.7522035	227.63805	16.522461	0.55726969
2.7543268	270.12674	16.532227	0.5587219
2.7556858	275.27417	16.541992	0.55860043
2.7566605	286.35818	16.551758	0.56158066
2.758234	258.80594	16.561523	0.563748
2.7596421	221.01717	16.571289	0.56535542
2.7611933	167.04666	16.581055	0.56768125
2.7629859	101.11102	16.59082	0.57046133
2.7653553	37.013668	16.600586	0.5720219
2.7669423	-35.303875	16.610352	0.57323974
2.7681582	-97.078499	16.620117	0.5768922
2.7693651	-153.59219	16.629883	0.5790801
2.7701476	-203.72588	16.639648	0.57984209
2.7716272	-234.5302	16.649414	0.57913947
2.7712829	-241.82874	16.65918	0.58090937
2.7709253	-248.28967	16.668945	0.5811795
2.770237	-228.30466	16.678711	0.58050722
2.7707822	-194.6796	16.688477	0.57905859
2.7699463	-148.2357	16.698242	0.57921678
2.7705274	-87.5009	16.708008	0.57809484
2.7697585	-21.028913	16.717773	0.57669234
2.7679927	34.507595	16.727539	0.57570374
2.768471	107.08569	16.737305	0.57546645
2.7676709	145.42369	16.74707	0.57445186
2.7678676	197.76682	16.756836	0.5725596
2.7665577	220.70786	16.766602	0.57362515
2.7665534	244.51572	16.776367	0.57337946
2.7674966	234.36443	16.786133	0.57268965
2.7662985	217.15205	16.795898	0.57135469
2.766902	183.6412	16.805664	0.57309079
2.7673044	139.33028	16.81543	0.57371706
2.7665265	85.683998	16.825195	0.57360506
2.7664058	29.226997	16.834961	0.57297343
2.7671435	-27.634089	16.844727	0.57455838
2.7663252	-89.451088	16.854492	0.57509375
2.767206	-135.92769	16.864258	0.57475376
2.7663879	-176.12695	16.874023	0.57561922
2.7670271	-205.21379	16.883789	0.57656652
2.7665355	-215.92296	16.893555	0.57594264
2.7676978	-217.07208	16.90332	0.5747627
2.7670004	-194.21709	16.913086	0.57622337
2.7663031	-160.74652	16.922852	0.57645077
2.7659633	-120.24655	16.932617	0.57549244
2.7670853	-68.941154	16.942383	0.57356066
2.7667098	-13.497309	16.952148	0.57486308
2.7663834	34.698986	16.961914	0.57447982
2.7670898	94.453453	16.97168	0.57357687
2.7666383	137.56252	16.981445	0.57193279
2.7671793	173.91402	16.991211	0.57315725
2.7669199	197.97101	17.000977	0.57291794
2.7672238	202.87418	17.010742	0.57184941
2.7655385	206.44044	17.020508	0.57174939
2.7676485	189.81577	17.030273	0.57290804
2.7659588	153.98639	17.040039	0.5729177
2.7666471	118.82081	17.049805	0.5718317
2.7666786	66.987823	17.05957	0.57323056
2.7667589	20.301085	17.069336	0.57395804
2.7667007	-33.615974	17.079102	0.57363039
2.7662404	-84.527298	17.088867	0.57248652
2.7662761	-122.41583	17.098633	0.57452524
